;CO_TAZID,Index,TOTHH,HHPOP,HHSIZE,TOTEMP,RETEMP,INDEMP,OTHEMP,ALLEMP,RETL,FOOD,MANU,WSLE,OFFI,GVED,HLTH,OTHR,FM_AGRI,FM_MING,FM_CONS,HBJ,SEC_HOME,CABIN,CONDO,HOTEL,AVGINCOME,Enrol_Elem,Enrol_Midl,Enrol_High,Sub_Area,CO_FIPS,CO_NAME,DISTLRG,DLRG_NAME,DISTMED,DMED_NAME,DISTSML,DSML_NAME,CITY_NAME
41001,1,106.0,293.0,2.76,27.5,0.0,27.5,0.0,135.4,0.0,0.0,25.2,2.4,0.0,0.0,0.0,0.0,0.0,86.8,4.5,16.7,0,0,0,0,55931,0,0,0,0,41,SEVIER,1,West Sevier County,1,Northwest Sevier County,315,Redmond,Redmond
41002,2,8.8,28.3,3.20,0.0,0.0,0.0,0.0,1.8,0.0,0.0,0.0,0.0,0.0,0.0,0.0,0.0,0.0,0.0,0.4,1.4,0,0,0,0,55931,0,0,0,0,41,SEVIER,1,West Sevier County,1,Northwest Sevier County,315,Redmond,Redmond
41003,3,123.7,385.0,3.11,20.5,0.0,6.1,14.4,44.9,0.0,0.0,0.0,6.1,0.0,2.2,0.0,12.2,0.0,0.0,4.9,19.5,0,0,0,0,55931,0,0,0,0,41,SEVIER,1,West Sevier County,1,Northwest Sevier County,315,Redmond,Redmond
41004,4,10.8,35.4,3.28,0.0,0.0,0.0,0.0,6.0,0.0,0.0,0.0,0.0,0.0,0.0,0.0,0.0,3.9,0.0,0.4,1.7,0,0,0,0,55931,0,0,0,0,41,SEVIER,1,West Sevier County,1,Northwest Sevier County,311,Redmond Area,Balance of Sevier
41005,5,1.0,3.0,3.09,0.0,0.0,0.0,0.0,31.2,0.0,0.0,0.0,0.0,0.0,0.0,0.0,0.0,31.0,0.0,0.0,0.2,0,0,0,0,55931,0,0,0,0,41,SEVIER,1,West Sevier County,1,Northwest Sevier County,311,Redmond Area,Balance of Sevier
41006,6,0.0,0.0,0.00,0.0,0.0,0.0,0.0,15.6,0.0,0.0,0.0,0.0,0.0,0.0,0.0,0.0,15.6,0.0,0.0,0.0,0,0,0,0,55931,0,0,0,0,41,SEVIER,1,West Sevier County,1,Northwest Sevier County,311,Redmond Area,Balance of Sevier
41007,7,3.9,11.1,2.83,0.0,0.0,0.0,0.0,0.6,0.0,0.0,0.0,0.0,0.0,0.0,0.0,0.0,0.0,0.0,0.0,0.6,0,0,0,0,55931,0,0,0,0,41,SEVIER,1,West Sevier County,1,Northwest Sevier County,311,Redmond Area,Balance of Sevier
41008,8,1.0,3.0,3.09,0.0,0.0,0.0,0.0,0.2,0.0,0.0,0.0,0.0,0.0,0.0,0.0,0.0,0.0,0.0,0.0,0.2,0,0,0,0,55931,0,0,0,0,41,SEVIER,1,West Sevier County,1,Northwest Sevier County,311,Redmond Area,Balance of Sevier
41009,9,0.0,0.0,0.00,0.0,0.0,0.0,0.0,0.0,0.0,0.0,0.0,0.0,0.0,0.0,0.0,0.0,0.0,0.0,0.0,0.0,0,0,0,0,55931,0,0,0,0,41,SEVIER,1,West Sevier County,1,Northwest Sevier County,311,Redmond Area,Balance of Sevier
41010,10,4.9,14.1,2.88,0.0,0.0,0.0,0.0,8.5,0.0,0.0,0.0,0.0,0.0,0.0,0.0,0.0,7.7,0.0,0.0,0.8,0,0,0,0,55931,0,0,0,0,41,SEVIER,1,West Sevier County,1,Northwest Sevier County,311,Redmond Area,Balance of Sevier
41011,11,0.0,0.0,0.00,0.0,0.0,0.0,0.0,3.9,0.0,0.0,0.0,0.0,0.0,0.0,0.0,0.0,3.9,0.0,0.0,0.0,0,0,0,0,55931,0,0,0,0,41,SEVIER,1,West Sevier County,1,Northwest Sevier County,311,Redmond Area,Balance of Sevier
41012,12,2.9,8.1,2.75,30.6,0.0,30.6,0.0,32.0,0.0,0.0,30.6,0.0,0.0,0.0,0.0,0.0,0.0,0.0,0.9,0.5,0,0,0,0,55931,0,0,0,0,41,SEVIER,1,West Sevier County,1,Northwest Sevier County,311,Redmond Area,Balance of Sevier
41013,13,22.6,67.7,3.00,0.0,0.0,0.0,0.0,4.5,0.0,0.0,0.0,0.0,0.0,0.0,0.0,0.0,0.0,0.0,0.9,3.6,0,0,0,0,55931,0,0,0,0,41,SEVIER,1,West Sevier County,1,Northwest Sevier County,311,Redmond Area,Balance of Sevier
41014,14,1.0,5.1,5.15,0.0,0.0,0.0,0.0,0.2,0.0,0.0,0.0,0.0,0.0,0.0,0.0,0.0,0.0,0.0,0.0,0.2,0,0,0,0,55931,0,0,0,0,41,SEVIER,1,West Sevier County,1,Northwest Sevier County,311,Redmond Area,Balance of Sevier
41015,15,2.9,8.1,2.75,0.0,0.0,0.0,0.0,8.2,0.0,0.0,0.0,0.0,0.0,0.0,0.0,0.0,7.7,0.0,0.0,0.5,0,0,0,0,55931,0,0,0,0,41,SEVIER,1,West Sevier County,1,Northwest Sevier County,311,Redmond Area,Balance of Sevier
41016,16,0.0,0.0,0.00,0.0,0.0,0.0,0.0,0.0,0.0,0.0,0.0,0.0,0.0,0.0,0.0,0.0,0.0,0.0,0.0,0.0,0,0,0,0,55931,0,0,0,0,41,SEVIER,1,West Sevier County,1,Northwest Sevier County,311,Redmond Area,Balance of Sevier
41017,17,5.9,16.2,2.75,0.0,0.0,0.0,0.0,4.8,0.0,0.0,0.0,0.0,0.0,0.0,0.0,0.0,3.9,0.0,0.0,0.9,0,0,0,0,55931,0,0,0,0,41,SEVIER,1,West Sevier County,1,Northwest Sevier County,311,Redmond Area,Balance of Sevier
41018,18,4.9,21.2,4.32,41.1,0.0,41.1,0.0,51.0,0.0,0.0,0.0,41.1,0.0,0.0,0.0,0.0,7.7,0.0,1.3,0.8,0,0,0,0,55931,0,0,0,0,41,SEVIER,1,West Sevier County,1,Northwest Sevier County,311,Redmond Area,Balance of Sevier
41019,19,116.8,342.5,2.93,8.4,6.9,1.5,0.0,31.3,0.0,6.9,1.5,0.0,0.0,0.0,0.0,0.0,0.0,0.0,4.5,18.4,0,0,0,0,58942,0,0,0,0,41,SEVIER,1,West Sevier County,1,Northwest Sevier County,318,Salina,Salina
41020,20,122.7,315.3,2.57,612.3,94.4,392.9,125.0,655.7,94.4,0.0,0.0,392.9,2.2,91.3,29.2,2.3,0.0,0.0,24.1,19.3,0,0,0,0,58942,422,232,0,0,41,SEVIER,1,West Sevier County,1,Northwest Sevier County,318,Salina,Salina
41021,21,4.9,17.2,3.50,41.4,0.0,0.0,41.4,43.5,0.0,0.0,0.0,0.0,0.0,35.6,0.0,5.8,0.0,0.0,1.3,0.8,0,0,0,0,58942,0,0,281,0,41,SEVIER,1,West Sevier County,1,Northwest Sevier County,318,Salina,Salina
41022,22,14.7,36.4,2.47,0.0,0.0,0.0,0.0,2.7,0.0,0.0,0.0,0.0,0.0,0.0,0.0,0.0,0.0,0.0,0.4,2.3,0,0,0,0,58942,0,0,0,0,41,SEVIER,1,West Sevier County,1,Northwest Sevier County,318,Salina,Salina
41023,23,178.6,490.1,2.74,63.4,0.0,36.7,26.6,99.6,0.0,0.0,0.0,36.7,2.6,0.0,16.2,7.8,0.0,0.0,8.0,28.2,0,0,0,0,58942,0,0,0,0,41,SEVIER,1,West Sevier County,1,Northwest Sevier County,318,Salina,Salina
41024,24,15.7,27.3,1.74,368.1,48.1,301.6,18.3,791.1,48.1,0.0,88.7,212.9,0.0,0.0,0.0,18.3,0.0,408.0,12.5,2.5,0,0,0,0,46483,0,0,0,0,41,SEVIER,1,West Sevier County,1,Northwest Sevier County,318,Salina,Salina
41025,25,153.1,435.5,2.84,103.5,55.2,1.1,47.3,136.1,55.2,0.0,0.9,0.1,29.0,0.0,0.0,18.3,0.0,0.0,8.5,24.1,0,0,0,0,46483,0,0,0,0,41,SEVIER,1,West Sevier County,1,Northwest Sevier County,318,Salina,Salina
41026,26,212.0,569.9,2.69,63.6,28.7,0.0,34.8,106.3,0.0,28.7,0.0,0.0,0.0,0.0,0.0,34.8,0.0,0.0,9.4,33.4,0,0,0,0,46483,0,0,0,0,41,SEVIER,1,West Sevier County,1,Northwest Sevier County,318,Salina,Salina
41027,27,49.1,160.7,3.27,0.0,0.0,0.0,0.0,9.5,0.0,0.0,0.0,0.0,0.0,0.0,0.0,0.0,0.0,0.0,1.8,7.7,0,0,0,0,46483,0,0,0,0,41,SEVIER,1,West Sevier County,1,Northwest Sevier County,318,Salina,Salina
41028,28,27.5,42.4,1.54,82.8,52.5,21.9,8.4,90.7,5.4,47.1,0.0,21.9,0.0,8.4,0.0,0.0,0.0,0.0,3.6,4.3,0,0,0,0,46483,0,0,0,0,41,SEVIER,1,West Sevier County,1,Northwest Sevier County,318,Salina,Salina
41029,29,2.9,12.1,4.12,112.1,88.2,0.0,23.8,116.1,18.9,69.3,0.0,0.0,17.9,0.0,0.0,5.9,0.0,0.0,3.6,0.5,0,0,0,0,47457,0,0,0,0,41,SEVIER,1,West Sevier County,1,Northwest Sevier County,318,Salina,Salina
41030,30,0.0,0.0,0.00,20.1,0.0,20.1,0.0,20.6,0.0,0.0,3.3,16.8,0.0,0.0,0.0,0.0,0.0,0.0,0.4,0.0,0,0,0,0,46483,0,0,0,0,41,SEVIER,1,West Sevier County,1,Northwest Sevier County,318,Salina,Salina
41031,31,0.0,0.0,0.00,55.7,55.7,0.0,0.0,57.5,55.7,0.0,0.0,0.0,0.0,0.0,0.0,0.0,0.0,0.0,1.8,0.0,0,0,0,0,55931,0,0,0,0,41,SEVIER,1,West Sevier County,1,Northwest Sevier County,318,Salina,Salina
41032,32,6.9,15.2,2.21,0.0,0.0,0.0,0.0,1.5,0.0,0.0,0.0,0.0,0.0,0.0,0.0,0.0,0.0,0.0,0.4,1.1,0,0,0,0,58942,0,0,0,0,41,SEVIER,1,West Sevier County,1,Northwest Sevier County,316,Salina Area,Balance of Sevier
41033,33,1.0,3.0,3.09,0.0,0.0,0.0,0.0,0.2,0.0,0.0,0.0,0.0,0.0,0.0,0.0,0.0,0.0,0.0,0.0,0.2,0,0,0,0,58942,0,0,0,0,41,SEVIER,1,West Sevier County,1,Northwest Sevier County,316,Salina Area,Balance of Sevier
41034,34,1.0,1.0,1.03,0.0,0.0,0.0,0.0,7.9,0.0,0.0,0.0,0.0,0.0,0.0,0.0,0.0,7.7,0.0,0.0,0.2,0,0,0,0,58942,0,0,0,0,41,SEVIER,1,West Sevier County,1,Northwest Sevier County,316,Salina Area,Balance of Sevier
41035,35,0.0,0.0,0.00,0.0,0.0,0.0,0.0,0.0,0.0,0.0,0.0,0.0,0.0,0.0,0.0,0.0,0.0,0.0,0.0,0.0,0,0,0,0,58942,0,0,0,0,41,SEVIER,1,West Sevier County,1,Northwest Sevier County,316,Salina Area,Balance of Sevier
41036,36,0.0,0.0,0.00,0.0,0.0,0.0,0.0,0.0,0.0,0.0,0.0,0.0,0.0,0.0,0.0,0.0,0.0,0.0,0.0,0.0,0,0,0,0,58942,0,0,0,0,41,SEVIER,1,West Sevier County,1,Northwest Sevier County,316,Salina Area,Balance of Sevier
41037,37,0.0,0.0,0.00,0.0,0.0,0.0,0.0,3.9,0.0,0.0,0.0,0.0,0.0,0.0,0.0,0.0,3.9,0.0,0.0,0.0,0,0,0,0,58942,0,0,0,0,41,SEVIER,1,West Sevier County,1,Northwest Sevier County,316,Salina Area,Balance of Sevier
41038,38,6.9,18.2,2.65,0.0,0.0,0.0,0.0,1.5,0.0,0.0,0.0,0.0,0.0,0.0,0.0,0.0,0.0,0.0,0.4,1.1,0,0,0,0,58942,0,0,0,0,41,SEVIER,1,West Sevier County,1,Northwest Sevier County,316,Salina Area,Balance of Sevier
41039,39,0.0,0.0,0.00,0.0,0.0,0.0,0.0,0.0,0.0,0.0,0.0,0.0,0.0,0.0,0.0,0.0,0.0,0.0,0.0,0.0,0,0,0,0,58942,0,0,0,0,41,SEVIER,1,West Sevier County,1,Northwest Sevier County,316,Salina Area,Balance of Sevier
41040,40,2.0,5.1,2.57,0.0,0.0,0.0,0.0,0.3,0.0,0.0,0.0,0.0,0.0,0.0,0.0,0.0,0.0,0.0,0.0,0.3,0,0,0,0,58942,0,0,0,0,41,SEVIER,1,West Sevier County,1,Northwest Sevier County,316,Salina Area,Balance of Sevier
41041,41,5.9,11.1,1.89,0.0,0.0,0.0,0.0,4.8,0.0,0.0,0.0,0.0,0.0,0.0,0.0,0.0,3.9,0.0,0.0,0.9,0,0,0,0,58942,0,0,0,0,41,SEVIER,1,West Sevier County,1,Northwest Sevier County,316,Salina Area,Balance of Sevier
41042,42,9.8,24.3,2.47,0.0,0.0,0.0,0.0,1.9,0.0,0.0,0.0,0.0,0.0,0.0,0.0,0.0,0.0,0.0,0.4,1.5,0,0,0,0,58942,0,0,0,0,41,SEVIER,1,West Sevier County,1,Northwest Sevier County,316,Salina Area,Balance of Sevier
41043,43,0.0,0.0,0.00,0.0,0.0,0.0,0.0,3.9,0.0,0.0,0.0,0.0,0.0,0.0,0.0,0.0,3.9,0.0,0.0,0.0,0,0,0,0,58942,0,0,0,0,41,SEVIER,1,West Sevier County,1,Northwest Sevier County,316,Salina Area,Balance of Sevier
41044,44,7.9,19.2,2.45,12.9,0.0,0.0,12.9,15.0,0.0,0.0,0.0,0.0,0.0,0.0,0.0,12.9,0.0,0.0,0.9,1.2,0,0,0,0,58942,0,0,0,0,41,SEVIER,1,West Sevier County,1,Northwest Sevier County,316,Salina Area,Balance of Sevier
41045,45,0.0,0.0,0.00,0.0,0.0,0.0,0.0,3.9,0.0,0.0,0.0,0.0,0.0,0.0,0.0,0.0,3.9,0.0,0.0,0.0,0,0,0,0,58942,0,0,0,0,41,SEVIER,1,West Sevier County,1,Northwest Sevier County,316,Salina Area,Balance of Sevier
41046,46,1.0,3.0,3.09,0.0,0.0,0.0,0.0,0.2,0.0,0.0,0.0,0.0,0.0,0.0,0.0,0.0,0.0,0.0,0.0,0.2,0,0,0,0,46483,0,0,0,0,41,SEVIER,1,West Sevier County,1,Northwest Sevier County,316,Salina Area,Balance of Sevier
41047,47,2.9,8.1,2.75,0.0,0.0,0.0,0.0,4.4,0.0,0.0,0.0,0.0,0.0,0.0,0.0,0.0,3.9,0.0,0.0,0.5,0,0,0,0,54196,0,0,0,0,41,SEVIER,1,West Sevier County,1,Northwest Sevier County,316,Salina Area,Balance of Sevier
41048,48,142.3,348.6,2.45,30.2,0.0,1.2,29.0,58.4,0.0,0.0,0.0,1.2,0.0,29.0,0.0,0.0,0.0,0.0,5.8,22.4,0,0,0,0,65813,0,0,0,0,41,SEVIER,1,West Sevier County,1,Northwest Sevier County,321,Aurora,Aurora
41049,49,64.8,201.1,3.10,44.2,0.0,2.6,41.6,58.0,0.0,0.0,2.6,0.0,3.1,0.0,0.0,38.5,0.0,0.0,3.6,10.2,0,0,0,0,65813,0,0,0,0,41,SEVIER,1,West Sevier County,1,Northwest Sevier County,321,Aurora,Aurora
41050,50,95.2,240.5,2.53,12.9,0.0,12.9,0.0,31.5,0.0,0.0,9.1,3.8,0.0,0.0,0.0,0.0,0.0,0.0,3.6,15.0,0,0,0,0,65813,0,0,0,0,41,SEVIER,1,West Sevier County,1,Northwest Sevier County,321,Aurora,Aurora
41051,51,31.4,132.4,4.21,32.3,0.0,0.0,32.3,39.6,0.0,0.0,0.0,0.0,0.0,0.0,0.0,32.3,0.0,0.0,2.2,5.0,0,0,0,0,65813,0,0,0,0,41,SEVIER,1,West Sevier County,1,Northwest Sevier County,321,Aurora,Aurora
41052,52,0.0,0.0,0.00,0.0,0.0,0.0,0.0,43.3,0.0,0.0,0.0,0.0,0.0,0.0,0.0,0.0,0.0,43.3,0.0,0.0,0,0,0,0,65813,0,0,0,0,41,SEVIER,1,West Sevier County,1,Northwest Sevier County,321,Aurora,Aurora
41053,53,2.0,11.1,5.66,82.3,0.0,82.3,0.0,89.1,0.0,0.0,0.0,82.3,0.0,0.0,0.0,0.0,3.9,0.0,2.7,0.3,0,0,0,0,65813,0,0,0,0,41,SEVIER,1,West Sevier County,1,Northwest Sevier County,319,Aurora Area,Balance of Sevier
41054,54,0.0,0.0,0.00,0.0,0.0,0.0,0.0,3.9,0.0,0.0,0.0,0.0,0.0,0.0,0.0,0.0,3.9,0.0,0.0,0.0,0,0,0,0,65813,0,0,0,0,41,SEVIER,1,West Sevier County,1,Northwest Sevier County,319,Aurora Area,Balance of Sevier
41055,55,0.0,0.0,0.00,0.0,0.0,0.0,0.0,0.0,0.0,0.0,0.0,0.0,0.0,0.0,0.0,0.0,0.0,0.0,0.0,0.0,0,0,0,0,65813,0,0,0,0,41,SEVIER,1,West Sevier County,1,Northwest Sevier County,319,Aurora Area,Balance of Sevier
41056,56,3.9,18.2,4.63,0.0,0.0,0.0,0.0,8.3,0.0,0.0,0.0,0.0,0.0,0.0,0.0,0.0,7.7,0.0,0.0,0.6,0,0,0,0,65813,0,0,0,0,41,SEVIER,1,West Sevier County,1,Northwest Sevier County,319,Aurora Area,Balance of Sevier
41057,57,2.9,6.1,2.06,0.0,0.0,0.0,0.0,8.2,0.0,0.0,0.0,0.0,0.0,0.0,0.0,0.0,7.7,0.0,0.0,0.5,0,0,0,0,52926,0,0,0,0,41,SEVIER,1,West Sevier County,1,Northwest Sevier County,319,Aurora Area,Balance of Sevier
41058,58,1.0,3.0,3.09,0.0,0.0,0.0,0.0,4.1,0.0,0.0,0.0,0.0,0.0,0.0,0.0,0.0,3.9,0.0,0.0,0.2,0,0,0,0,65813,0,0,0,0,41,SEVIER,1,West Sevier County,1,Northwest Sevier County,319,Aurora Area,Balance of Sevier
41059,59,0.0,0.0,0.00,0.0,0.0,0.0,0.0,3.9,0.0,0.0,0.0,0.0,0.0,0.0,0.0,0.0,3.9,0.0,0.0,0.0,0,0,0,0,65813,0,0,0,0,41,SEVIER,1,West Sevier County,1,Northwest Sevier County,319,Aurora Area,Balance of Sevier
41060,60,13.7,38.4,2.79,0.0,0.0,0.0,0.0,10.4,0.0,0.0,0.0,0.0,0.0,0.0,0.0,0.0,7.7,0.0,0.4,2.2,0,0,0,0,65813,0,0,0,0,41,SEVIER,1,West Sevier County,1,Northwest Sevier County,319,Aurora Area,Balance of Sevier
41061,61,2.0,10.1,5.15,0.0,0.0,0.0,0.0,4.2,0.0,0.0,0.0,0.0,0.0,0.0,0.0,0.0,3.9,0.0,0.0,0.3,0,0,0,0,65813,0,0,0,0,41,SEVIER,1,West Sevier County,1,Northwest Sevier County,319,Aurora Area,Balance of Sevier
41062,62,3.9,9.1,2.32,0.0,0.0,0.0,0.0,8.3,0.0,0.0,0.0,0.0,0.0,0.0,0.0,0.0,7.7,0.0,0.0,0.6,0,0,0,0,65813,0,0,0,0,41,SEVIER,1,West Sevier County,1,Northwest Sevier County,319,Aurora Area,Balance of Sevier
41063,63,1.0,3.0,3.09,14.1,0.0,14.1,0.0,14.8,0.0,0.0,0.0,14.1,0.0,0.0,0.0,0.0,0.0,0.0,0.4,0.2,0,0,0,0,65813,0,0,0,0,41,SEVIER,1,West Sevier County,1,Northwest Sevier County,319,Aurora Area,Balance of Sevier
41064,64,2.9,16.2,5.49,68.1,0.0,68.1,0.0,70.8,0.0,0.0,0.0,68.1,0.0,0.0,0.0,0.0,0.0,0.0,2.2,0.5,0,0,0,0,65813,0,0,0,0,41,SEVIER,1,West Sevier County,1,Northwest Sevier County,319,Aurora Area,Balance of Sevier
41065,65,0.0,0.0,0.00,0.0,0.0,0.0,0.0,0.0,0.0,0.0,0.0,0.0,0.0,0.0,0.0,0.0,0.0,0.0,0.0,0.0,0,0,0,0,65813,0,0,0,0,41,SEVIER,1,West Sevier County,1,Northwest Sevier County,319,Aurora Area,Balance of Sevier
41066,66,0.0,0.0,0.00,0.0,0.0,0.0,0.0,0.0,0.0,0.0,0.0,0.0,0.0,0.0,0.0,0.0,0.0,0.0,0.0,0.0,0,0,0,0,65813,0,0,0,0,41,SEVIER,1,West Sevier County,1,Northwest Sevier County,319,Aurora Area,Balance of Sevier
41067,67,4.9,24.3,4.94,0.0,0.0,0.0,0.0,0.8,0.0,0.0,0.0,0.0,0.0,0.0,0.0,0.0,0.0,0.0,0.0,0.8,0,0,0,0,65813,0,0,0,0,41,SEVIER,1,West Sevier County,1,Northwest Sevier County,319,Aurora Area,Balance of Sevier
41068,68,0.0,0.0,0.00,0.0,0.0,0.0,0.0,3.9,0.0,0.0,0.0,0.0,0.0,0.0,0.0,0.0,3.9,0.0,0.0,0.0,0,0,0,0,65813,0,0,0,0,41,SEVIER,1,West Sevier County,1,Northwest Sevier County,319,Aurora Area,Balance of Sevier
41069,69,3.9,11.1,2.83,0.0,0.0,0.0,0.0,0.6,0.0,0.0,0.0,0.0,0.0,0.0,0.0,0.0,0.0,0.0,0.0,0.6,0,0,0,0,65813,0,0,0,0,41,SEVIER,1,West Sevier County,1,Northwest Sevier County,319,Aurora Area,Balance of Sevier
41070,70,0.0,0.0,0.00,0.0,0.0,0.0,0.0,0.0,0.0,0.0,0.0,0.0,0.0,0.0,0.0,0.0,0.0,0.0,0.0,0.0,0,0,0,0,65813,0,0,0,0,41,SEVIER,1,West Sevier County,1,Northwest Sevier County,319,Aurora Area,Balance of Sevier
41071,71,1.0,4.0,4.12,69.4,0.0,69.4,0.0,75.7,0.0,0.0,0.0,69.4,0.0,0.0,0.0,0.0,3.9,0.0,2.2,0.2,0,0,0,0,65813,0,0,0,0,41,SEVIER,1,West Sevier County,1,Northwest Sevier County,319,Aurora Area,Balance of Sevier
41072,72,2.9,16.2,5.49,0.0,0.0,0.0,0.0,8.2,0.0,0.0,0.0,0.0,0.0,0.0,0.0,0.0,7.7,0.0,0.0,0.5,0,0,0,0,65813,0,0,0,0,41,SEVIER,1,West Sevier County,1,Northwest Sevier County,319,Aurora Area,Balance of Sevier
41073,73,11.8,26.3,2.23,0.0,0.0,0.0,0.0,2.3,0.0,0.0,0.0,0.0,0.0,0.0,0.0,0.0,0.0,0.0,0.4,1.9,0,0,0,0,54196,0,0,0,0,41,SEVIER,1,West Sevier County,1,Northwest Sevier County,325,Sigurd,Sigurd
41074,74,24.5,64.7,2.64,0.0,0.0,0.0,0.0,4.8,0.0,0.0,0.0,0.0,0.0,0.0,0.0,0.0,0.0,0.0,0.9,3.9,0,0,0,0,54196,0,0,0,0,41,SEVIER,1,West Sevier County,1,Northwest Sevier County,325,Sigurd,Sigurd
41075,75,2.0,8.1,4.12,0.0,0.0,0.0,0.0,0.3,0.0,0.0,0.0,0.0,0.0,0.0,0.0,0.0,0.0,0.0,0.0,0.3,0,0,0,0,54196,0,0,0,0,41,SEVIER,1,West Sevier County,1,Northwest Sevier County,325,Sigurd,Sigurd
41076,76,16.7,54.6,3.27,64.3,0.0,64.3,0.0,69.5,0.0,0.0,0.0,64.3,0.0,0.0,0.0,0.0,0.0,0.0,2.7,2.6,0,0,0,0,54196,0,0,0,0,41,SEVIER,1,West Sevier County,1,Northwest Sevier County,325,Sigurd,Sigurd
41077,77,5.9,26.3,4.46,1.3,0.0,1.3,0.0,2.6,0.0,0.0,0.0,1.3,0.0,0.0,0.0,0.0,0.0,0.0,0.4,0.9,0,0,0,0,54196,0,0,0,0,41,SEVIER,1,West Sevier County,1,Northwest Sevier County,325,Sigurd,Sigurd
41078,78,0.0,0.0,0.00,0.0,0.0,0.0,0.0,0.0,0.0,0.0,0.0,0.0,0.0,0.0,0.0,0.0,0.0,0.0,0.0,0.0,0,0,0,0,54196,0,0,0,0,41,SEVIER,1,West Sevier County,1,Northwest Sevier County,325,Sigurd,Sigurd
41079,79,2.9,6.1,2.06,0.0,0.0,0.0,0.0,0.5,0.0,0.0,0.0,0.0,0.0,0.0,0.0,0.0,0.0,0.0,0.0,0.5,0,0,0,0,54196,0,0,0,0,41,SEVIER,1,West Sevier County,1,Northwest Sevier County,325,Sigurd,Sigurd
41080,80,0.0,0.0,0.00,112.2,0.0,112.2,0.0,115.8,0.0,0.0,112.2,0.0,0.0,0.0,0.0,0.0,0.0,0.0,3.6,0.0,0,0,0,0,54196,0,0,0,0,41,SEVIER,1,West Sevier County,1,Northwest Sevier County,325,Sigurd,Sigurd
41081,81,0.0,0.0,0.00,4.8,0.0,0.0,4.8,4.8,0.0,0.0,0.0,0.0,0.0,4.8,0.0,0.0,0.0,0.0,0.0,0.0,0,0,0,0,54196,0,0,0,0,41,SEVIER,1,West Sevier County,1,Northwest Sevier County,325,Sigurd,Sigurd
41082,82,2.0,6.1,3.09,0.0,0.0,0.0,0.0,0.3,0.0,0.0,0.0,0.0,0.0,0.0,0.0,0.0,0.0,0.0,0.0,0.3,0,0,0,0,54196,0,0,0,0,41,SEVIER,1,West Sevier County,1,Northwest Sevier County,310,Sigurd,Sigurd
41083,83,67.7,198.1,2.92,0.0,0.0,0.0,0.0,18.1,0.0,0.0,0.0,0.0,0.0,0.0,0.0,0.0,0.0,5.2,2.2,10.7,0,0,0,0,54196,0,0,0,0,41,SEVIER,1,West Sevier County,1,Northwest Sevier County,325,Sigurd,Sigurd
41084,84,12.8,33.3,2.61,0.0,0.0,0.0,0.0,2.4,0.0,0.0,0.0,0.0,0.0,0.0,0.0,0.0,0.0,0.0,0.4,2.0,0,0,0,0,54196,0,0,0,0,41,SEVIER,1,West Sevier County,1,Northwest Sevier County,325,Sigurd,Sigurd
41085,85,0.0,0.0,0.00,0.0,0.0,0.0,0.0,7.7,0.0,0.0,0.0,0.0,0.0,0.0,0.0,0.0,7.7,0.0,0.0,0.0,0,0,0,0,65813,0,0,0,0,41,SEVIER,1,West Sevier County,1,Northwest Sevier County,324,Sigurd Area,Balance of Sevier
41086,86,2.9,7.1,2.40,0.0,0.0,0.0,0.0,4.4,0.0,0.0,0.0,0.0,0.0,0.0,0.0,0.0,3.9,0.0,0.0,0.5,0,0,0,0,65813,0,0,0,0,41,SEVIER,1,West Sevier County,1,Northwest Sevier County,324,Sigurd Area,Balance of Sevier
41087,87,0.0,0.0,0.00,0.0,0.0,0.0,0.0,3.9,0.0,0.0,0.0,0.0,0.0,0.0,0.0,0.0,3.9,0.0,0.0,0.0,0,0,0,0,65813,0,0,0,0,41,SEVIER,1,West Sevier County,1,Northwest Sevier County,324,Sigurd Area,Balance of Sevier
41088,88,2.0,5.1,2.57,0.0,0.0,0.0,0.0,4.2,0.0,0.0,0.0,0.0,0.0,0.0,0.0,0.0,3.9,0.0,0.0,0.3,0,0,0,0,65813,0,0,0,0,41,SEVIER,1,West Sevier County,1,Northwest Sevier County,324,Sigurd Area,Balance of Sevier
41089,89,0.0,0.0,0.00,0.0,0.0,0.0,0.0,0.0,0.0,0.0,0.0,0.0,0.0,0.0,0.0,0.0,0.0,0.0,0.0,0.0,0,0,0,0,54196,0,0,0,0,41,SEVIER,1,West Sevier County,1,Northwest Sevier County,324,Sigurd Area,Balance of Sevier
41090,90,1.0,3.0,3.09,0.0,0.0,0.0,0.0,4.1,0.0,0.0,0.0,0.0,0.0,0.0,0.0,0.0,3.9,0.0,0.0,0.2,0,0,0,0,54196,0,0,0,0,41,SEVIER,1,West Sevier County,1,Northwest Sevier County,324,Sigurd Area,Balance of Sevier
41091,91,2.9,12.1,4.12,0.0,0.0,0.0,0.0,4.4,0.0,0.0,0.0,0.0,0.0,0.0,0.0,0.0,3.9,0.0,0.0,0.5,0,0,0,0,54196,0,0,0,0,41,SEVIER,1,West Sevier County,1,Northwest Sevier County,324,Sigurd Area,Balance of Sevier
41092,92,0.0,0.0,0.00,0.0,0.0,0.0,0.0,0.0,0.0,0.0,0.0,0.0,0.0,0.0,0.0,0.0,0.0,0.0,0.0,0.0,0,0,0,0,54196,0,0,0,0,41,SEVIER,1,West Sevier County,1,Northwest Sevier County,324,Sigurd Area,Balance of Sevier
41093,93,0.0,0.0,0.00,0.0,0.0,0.0,0.0,0.0,0.0,0.0,0.0,0.0,0.0,0.0,0.0,0.0,0.0,0.0,0.0,0.0,0,0,0,0,54196,0,0,0,0,41,SEVIER,1,West Sevier County,1,Northwest Sevier County,324,Sigurd Area,Balance of Sevier
41094,94,0.0,0.0,0.00,0.0,0.0,0.0,0.0,0.0,0.0,0.0,0.0,0.0,0.0,0.0,0.0,0.0,0.0,0.0,0.0,0.0,0,0,0,0,54196,0,0,0,0,41,SEVIER,1,West Sevier County,1,Northwest Sevier County,324,Sigurd Area,Balance of Sevier
41095,95,0.0,0.0,0.00,0.0,0.0,0.0,0.0,0.0,0.0,0.0,0.0,0.0,0.0,0.0,0.0,0.0,0.0,0.0,0.0,0.0,0,0,0,0,54196,0,0,0,0,41,SEVIER,1,West Sevier County,1,Northwest Sevier County,324,Sigurd Area,Balance of Sevier
41096,96,0.0,0.0,0.00,0.0,0.0,0.0,0.0,3.9,0.0,0.0,0.0,0.0,0.0,0.0,0.0,0.0,3.9,0.0,0.0,0.0,0,0,0,0,54196,0,0,0,0,41,SEVIER,1,West Sevier County,1,Northwest Sevier County,324,Sigurd Area,Balance of Sevier
41097,97,0.0,0.0,0.00,0.0,0.0,0.0,0.0,3.9,0.0,0.0,0.0,0.0,0.0,0.0,0.0,0.0,3.9,0.0,0.0,0.0,0,0,0,0,54196,0,0,0,0,41,SEVIER,1,West Sevier County,1,Northwest Sevier County,324,Sigurd Area,Balance of Sevier
41098,98,0.0,0.0,0.00,0.0,0.0,0.0,0.0,3.9,0.0,0.0,0.0,0.0,0.0,0.0,0.0,0.0,3.9,0.0,0.0,0.0,0,0,0,0,54196,0,0,0,0,41,SEVIER,1,West Sevier County,1,Northwest Sevier County,324,Sigurd Area,Balance of Sevier
41099,99,1.0,3.0,3.09,0.0,0.0,0.0,0.0,4.1,0.0,0.0,0.0,0.0,0.0,0.0,0.0,0.0,3.9,0.0,0.0,0.2,0,0,0,0,54196,0,0,0,0,41,SEVIER,1,West Sevier County,1,Northwest Sevier County,324,Sigurd Area,Balance of Sevier
41100,100,2.9,8.1,2.75,0.0,0.0,0.0,0.0,4.4,0.0,0.0,0.0,0.0,0.0,0.0,0.0,0.0,3.9,0.0,0.0,0.5,0,0,0,0,54196,0,0,0,0,41,SEVIER,1,West Sevier County,1,Northwest Sevier County,324,Sigurd Area,Balance of Sevier
41101,101,0.0,0.0,0.00,0.0,0.0,0.0,0.0,3.9,0.0,0.0,0.0,0.0,0.0,0.0,0.0,0.0,3.9,0.0,0.0,0.0,0,0,0,0,54196,0,0,0,0,41,SEVIER,1,West Sevier County,1,Northwest Sevier County,324,Sigurd Area,Balance of Sevier
41102,102,1.0,4.0,4.12,0.0,0.0,0.0,0.0,4.1,0.0,0.0,0.0,0.0,0.0,0.0,0.0,0.0,3.9,0.0,0.0,0.2,0,0,0,0,54196,0,0,0,0,41,SEVIER,1,West Sevier County,1,Northwest Sevier County,324,Sigurd Area,Balance of Sevier
41103,103,0.0,0.0,0.00,0.0,0.0,0.0,0.0,3.9,0.0,0.0,0.0,0.0,0.0,0.0,0.0,0.0,3.9,0.0,0.0,0.0,0,0,0,0,54196,0,0,0,0,41,SEVIER,1,West Sevier County,1,Northwest Sevier County,324,Sigurd Area,Balance of Sevier
41104,104,0.0,0.0,0.00,0.0,0.0,0.0,0.0,3.9,0.0,0.0,0.0,0.0,0.0,0.0,0.0,0.0,3.9,0.0,0.0,0.0,0,0,0,0,54196,0,0,0,0,41,SEVIER,1,West Sevier County,1,Northwest Sevier County,324,Sigurd Area,Balance of Sevier
41105,105,0.0,0.0,0.00,0.0,0.0,0.0,0.0,3.9,0.0,0.0,0.0,0.0,0.0,0.0,0.0,0.0,3.9,0.0,0.0,0.0,0,0,0,0,54196,0,0,0,0,41,SEVIER,1,West Sevier County,1,Northwest Sevier County,324,Sigurd Area,Balance of Sevier
41106,106,6.9,28.3,4.12,0.0,0.0,0.0,0.0,5.4,0.0,0.0,0.0,0.0,0.0,0.0,0.0,0.0,3.9,0.0,0.4,1.1,0,0,0,0,54196,0,0,0,0,41,SEVIER,1,West Sevier County,1,Northwest Sevier County,324,Sigurd Area,Balance of Sevier
41107,107,0.0,0.0,0.00,6.5,0.0,0.0,6.5,10.3,0.0,0.0,0.0,0.0,0.0,0.0,0.0,6.5,3.9,0.0,0.0,0.0,0,0,0,0,54196,0,0,0,0,41,SEVIER,1,West Sevier County,1,Northwest Sevier County,324,Sigurd Area,Balance of Sevier
41108,108,17.7,71.7,4.06,0.0,0.0,0.0,0.0,3.2,0.0,0.0,0.0,0.0,0.0,0.0,0.0,0.0,0.0,0.0,0.4,2.8,0,0,0,0,76673,0,0,0,0,41,SEVIER,1,West Sevier County,2,Southwest Sevier County,331,Glenwood,Glenwood
41109,109,23.6,71.7,3.05,1.1,1.1,0.0,0.0,5.7,1.1,0.0,0.0,0.0,0.0,0.0,0.0,0.0,0.0,0.0,0.9,3.7,0,0,0,0,76673,0,0,0,0,41,SEVIER,1,West Sevier County,2,Southwest Sevier County,331,Glenwood,Glenwood
41110,110,55.0,163.7,2.98,17.3,12.0,0.0,5.3,28.2,0.0,12.0,0.0,0.0,1.8,0.0,0.0,3.5,0.0,0.0,2.2,8.7,0,0,0,0,76673,0,0,0,0,41,SEVIER,1,West Sevier County,2,Southwest Sevier County,331,Glenwood,Glenwood
41111,111,60.9,171.8,2.82,9.9,0.0,6.7,3.2,21.7,0.0,0.0,1.2,5.5,0.0,3.2,0.0,0.0,0.0,0.0,2.2,9.6,0,0,0,0,76673,0,0,0,0,41,SEVIER,1,West Sevier County,2,Southwest Sevier County,331,Glenwood,Glenwood
41112,112,16.7,48.5,2.91,0.0,0.0,0.0,0.0,3.0,0.0,0.0,0.0,0.0,0.0,0.0,0.0,0.0,0.0,0.0,0.4,2.6,0,0,0,0,54196,0,0,0,0,41,SEVIER,1,West Sevier County,2,Southwest Sevier County,328,Glenwood Area,Balance of Sevier
41113,113,0.0,0.0,0.00,1.3,0.0,1.3,0.0,5.2,0.0,0.0,0.0,1.3,0.0,0.0,0.0,0.0,3.9,0.0,0.0,0.0,0,0,0,0,54196,0,0,0,0,41,SEVIER,1,West Sevier County,2,Southwest Sevier County,328,Glenwood Area,Balance of Sevier
41114,114,7.9,18.2,2.32,0.0,0.0,0.0,0.0,18.0,0.0,0.0,0.0,0.0,0.0,0.0,0.0,0.0,3.9,12.4,0.4,1.2,0,0,0,0,54196,0,0,0,0,41,SEVIER,1,West Sevier County,2,Southwest Sevier County,328,Glenwood Area,Balance of Sevier
41115,115,2.9,6.1,2.06,0.0,0.0,0.0,0.0,0.5,0.0,0.0,0.0,0.0,0.0,0.0,0.0,0.0,0.0,0.0,0.0,0.5,0,0,0,0,54196,0,0,0,0,41,SEVIER,1,West Sevier County,2,Southwest Sevier County,328,Glenwood Area,Balance of Sevier
41116,116,2.0,6.1,3.09,0.0,0.0,0.0,0.0,0.3,0.0,0.0,0.0,0.0,0.0,0.0,0.0,0.0,0.0,0.0,0.0,0.3,0,0,0,0,54196,0,0,0,0,41,SEVIER,1,West Sevier County,2,Southwest Sevier County,328,Glenwood Area,Balance of Sevier
41117,117,2.9,8.1,2.75,0.0,0.0,0.0,0.0,4.4,0.0,0.0,0.0,0.0,0.0,0.0,0.0,0.0,3.9,0.0,0.0,0.5,0,0,0,0,54196,0,0,0,0,41,SEVIER,1,West Sevier County,2,Southwest Sevier County,328,Glenwood Area,Balance of Sevier
41118,118,1.0,3.0,3.09,0.0,0.0,0.0,0.0,0.2,0.0,0.0,0.0,0.0,0.0,0.0,0.0,0.0,0.0,0.0,0.0,0.2,0,0,0,0,76673,0,0,0,0,41,SEVIER,1,West Sevier County,2,Southwest Sevier County,328,Glenwood Area,Balance of Sevier
41119,119,0.0,0.0,0.00,0.0,0.0,0.0,0.0,0.0,0.0,0.0,0.0,0.0,0.0,0.0,0.0,0.0,0.0,0.0,0.0,0.0,0,0,0,0,76673,0,0,0,0,41,SEVIER,1,West Sevier County,2,Southwest Sevier County,328,Glenwood Area,Balance of Sevier
41120,120,4.9,19.2,3.91,3.2,0.0,0.0,3.2,4.5,0.0,0.0,0.0,0.0,0.0,0.0,0.0,3.2,0.0,0.0,0.4,0.8,0,0,0,0,76673,0,0,0,0,41,SEVIER,1,West Sevier County,2,Southwest Sevier County,328,Glenwood Area,Balance of Sevier
41121,121,0.0,0.0,0.00,0.0,0.0,0.0,0.0,0.0,0.0,0.0,0.0,0.0,0.0,0.0,0.0,0.0,0.0,0.0,0.0,0.0,0,0,0,0,76673,0,0,0,0,41,SEVIER,1,West Sevier County,2,Southwest Sevier County,328,Glenwood Area,Balance of Sevier
41122,122,0.0,0.0,0.00,0.0,0.0,0.0,0.0,0.0,0.0,0.0,0.0,0.0,0.0,0.0,0.0,0.0,0.0,0.0,0.0,0.0,0,0,0,0,76673,0,0,0,0,41,SEVIER,1,West Sevier County,2,Southwest Sevier County,328,Glenwood Area,Balance of Sevier
41123,123,0.0,0.0,0.00,0.0,0.0,0.0,0.0,0.0,0.0,0.0,0.0,0.0,0.0,0.0,0.0,0.0,0.0,0.0,0.0,0.0,0,0,0,0,76673,0,0,0,0,41,SEVIER,1,West Sevier County,2,Southwest Sevier County,328,Glenwood Area,Balance of Sevier
41124,124,5.9,8.1,1.37,0.0,0.0,0.0,0.0,0.9,0.0,0.0,0.0,0.0,0.0,0.0,0.0,0.0,0.0,0.0,0.0,0.9,0,0,0,0,76673,0,0,0,0,41,SEVIER,1,West Sevier County,2,Southwest Sevier County,328,Glenwood Area,Balance of Sevier
41125,125,5.9,6.1,1.03,0.0,0.0,0.0,0.0,0.9,0.0,0.0,0.0,0.0,0.0,0.0,0.0,0.0,0.0,0.0,0.0,0.9,0,0,0,0,76673,0,0,0,0,41,SEVIER,1,West Sevier County,2,Southwest Sevier County,328,Glenwood Area,Balance of Sevier
41126,126,0.0,0.0,0.00,0.0,0.0,0.0,0.0,0.0,0.0,0.0,0.0,0.0,0.0,0.0,0.0,0.0,0.0,0.0,0.0,0.0,0,0,0,0,76673,0,0,0,0,41,SEVIER,1,West Sevier County,2,Southwest Sevier County,328,Glenwood Area,Balance of Sevier
41127,127,0.0,0.0,0.00,0.0,0.0,0.0,0.0,0.0,0.0,0.0,0.0,0.0,0.0,0.0,0.0,0.0,0.0,0.0,0.0,0.0,0,0,0,0,76673,0,0,0,0,41,SEVIER,1,West Sevier County,2,Southwest Sevier County,328,Glenwood Area,Balance of Sevier
41128,128,0.0,0.0,0.00,0.0,0.0,0.0,0.0,0.0,0.0,0.0,0.0,0.0,0.0,0.0,0.0,0.0,0.0,0.0,0.0,0.0,0,0,0,0,76673,0,0,0,0,41,SEVIER,1,West Sevier County,2,Southwest Sevier County,328,Glenwood Area,Balance of Sevier
41129,129,0.0,0.0,0.00,0.0,0.0,0.0,0.0,0.0,0.0,0.0,0.0,0.0,0.0,0.0,0.0,0.0,0.0,0.0,0.0,0.0,0,0,0,0,76673,0,0,0,0,41,SEVIER,1,West Sevier County,2,Southwest Sevier County,328,Glenwood Area,Balance of Sevier
41130,130,5.9,16.2,2.75,0.0,0.0,0.0,0.0,0.9,0.0,0.0,0.0,0.0,0.0,0.0,0.0,0.0,0.0,0.0,0.0,0.9,0,0,0,0,76673,0,0,0,0,41,SEVIER,1,West Sevier County,2,Southwest Sevier County,328,Glenwood Area,Balance of Sevier
41131,131,0.0,0.0,0.00,0.0,0.0,0.0,0.0,0.0,0.0,0.0,0.0,0.0,0.0,0.0,0.0,0.0,0.0,0.0,0.0,0.0,0,0,0,0,76673,0,0,0,0,41,SEVIER,1,West Sevier County,2,Southwest Sevier County,328,Glenwood Area,Balance of Sevier
41132,132,1.0,1.0,1.03,0.0,0.0,0.0,0.0,0.2,0.0,0.0,0.0,0.0,0.0,0.0,0.0,0.0,0.0,0.0,0.0,0.2,0,0,0,0,65813,0,0,0,0,41,SEVIER,1,West Sevier County,1,Northwest Sevier County,310,Balance of Sevier,Balance of Sevier
41133,133,2.0,3.0,1.54,0.0,0.0,0.0,0.0,7.2,0.0,0.0,0.0,0.0,0.0,0.0,0.0,0.0,0.0,6.9,0.0,0.3,0,0,0,0,65813,0,0,0,0,41,SEVIER,1,West Sevier County,1,Northwest Sevier County,310,Balance of Sevier,Balance of Sevier
41134,134,26.5,133.4,5.03,779.5,0.0,21.1,758.4,809.6,0.0,0.0,0.0,21.1,33.3,189.6,387.0,148.5,0.0,0.0,25.9,4.2,0,0,0,0,53156,0,0,0,0,41,SEVIER,1,West Sevier County,2,Southwest Sevier County,330,Richfield,Richfield
41135,135,159.0,411.3,2.59,51.9,0.0,1.1,50.8,88.0,0.0,0.0,1.1,0.0,1.4,0.0,21.5,27.9,3.9,0.0,7.1,25.1,0,0,0,0,58029,0,0,0,0,41,SEVIER,1,West Sevier County,2,Southwest Sevier County,330,Richfield,Richfield
41136,136,113.8,338.5,2.97,336.3,103.5,0.0,232.7,388.4,12.8,90.7,0.0,0.0,14.6,59.4,0.0,158.8,19.4,0.0,14.7,18.0,0,0,0,0,57879,0,0,0,0,41,SEVIER,1,West Sevier County,2,Southwest Sevier County,330,Richfield,Richfield
41137,137,57.9,180.9,3.12,209.7,0.0,0.0,209.7,239.3,0.0,0.0,0.0,0.0,0.0,35.7,97.7,76.3,11.6,0.0,8.9,9.1,0,0,0,0,58029,537,0,0,0,41,SEVIER,1,West Sevier County,2,Southwest Sevier County,330,Richfield,Richfield
41138,138,158.0,528.5,3.34,280.0,8.4,54.8,216.8,319.2,8.4,0.0,0.0,54.8,0.0,106.6,69.9,40.3,0.0,0.0,14.3,24.9,0,0,0,0,53156,0,0,0,0,41,SEVIER,1,West Sevier County,2,Southwest Sevier County,330,Richfield,Richfield
41139,139,28.5,129.3,4.54,6.5,0.0,0.0,6.5,16.2,0.0,0.0,0.0,0.0,0.0,0.0,0.0,6.5,3.9,0.0,1.3,4.5,0,0,0,0,53156,0,0,0,0,41,SEVIER,1,West Sevier County,2,Southwest Sevier County,330,Richfield,Richfield
41140,140,88.3,225.3,2.55,19.3,0.0,0.0,19.3,36.8,0.0,0.0,0.0,0.0,3.2,0.0,0.0,16.1,0.0,0.0,3.6,13.9,0,0,0,0,47588,0,0,0,0,41,SEVIER,1,West Sevier County,2,Southwest Sevier County,330,Richfield,Richfield
41141,141,55.0,159.7,2.90,0.0,0.0,0.0,0.0,10.5,0.0,0.0,0.0,0.0,0.0,0.0,0.0,0.0,0.0,0.0,1.8,8.7,0,0,0,0,52717,0,0,0,0,41,SEVIER,1,West Sevier County,2,Southwest Sevier County,330,Richfield,Richfield
41142,142,137.4,363.8,2.65,562.4,78.7,48.3,435.4,606.9,60.4,18.3,0.0,48.3,33.2,30.6,7.7,363.9,0.0,0.0,22.7,21.7,0,0,0,0,47588,475,0,0,0,41,SEVIER,1,West Sevier County,2,Southwest Sevier County,330,Richfield,Richfield
41143,143,106.0,315.3,2.97,31.8,23.1,0.0,8.6,52.9,0.0,23.1,0.0,0.0,1.7,0.0,3.6,3.3,0.0,0.0,4.5,16.7,0,0,0,0,53423,0,0,0,0,41,SEVIER,1,West Sevier County,2,Southwest Sevier County,330,Richfield,Richfield
41144,144,205.1,561.8,2.74,602.2,73.4,15.7,513.1,667.0,49.7,23.7,15.7,0.0,46.7,215.9,169.4,81.1,0.0,6.2,26.3,32.3,0,0,0,0,36022,0,0,0,0,41,SEVIER,1,West Sevier County,2,Southwest Sevier County,330,Richfield,Richfield
41145,145,113.8,313.2,2.75,48.0,5.2,0.0,42.8,71.4,5.2,0.0,0.0,0.0,0.0,0.0,27.7,15.0,0.0,0.0,5.4,18.0,0,0,0,0,53156,0,0,0,0,41,SEVIER,1,West Sevier County,2,Southwest Sevier County,330,Richfield,Richfield
41146,146,40.2,112.2,2.79,55.8,45.3,4.2,6.3,65.2,36.7,8.6,0.0,4.2,6.3,0.0,0.0,0.0,0.0,0.0,3.1,6.3,0,0,0,0,36022,0,0,0,0,41,SEVIER,1,West Sevier County,2,Southwest Sevier County,330,Richfield,Richfield
41147,147,105.0,371.8,3.54,278.6,0.0,0.9,277.7,307.6,0.0,0.0,0.0,0.9,0.0,267.0,10.7,0.0,0.0,0.0,12.5,16.6,0,0,0,0,53156,0,0,0,0,41,SEVIER,1,West Sevier County,2,Southwest Sevier County,330,Richfield,Richfield
41148,148,257.1,792.2,3.08,26.4,12.0,0.0,14.3,76.7,0.0,12.0,0.0,0.0,1.6,1.0,11.7,0.0,0.0,0.0,9.8,40.5,0,0,0,0,45796,0,0,0,0,41,SEVIER,1,West Sevier County,2,Southwest Sevier County,330,Richfield,Richfield
41149,149,55.9,200.1,3.58,73.9,0.0,0.0,73.9,87.2,0.0,0.0,0.0,0.0,0.0,62.5,5.9,5.5,0.0,0.0,4.5,8.8,0,0,0,0,47110,0,563,0,0,41,SEVIER,1,West Sevier County,2,Southwest Sevier County,330,Richfield,Richfield
41150,150,61.8,157.6,2.55,273.0,7.4,0.0,265.7,293.5,0.0,7.4,0.0,0.0,0.0,265.7,0.0,0.0,0.0,0.0,10.7,9.8,0,0,0,0,47110,0,0,721,0,41,SEVIER,1,West Sevier County,2,Southwest Sevier County,330,Richfield,Richfield
41151,151,106.0,346.6,3.27,266.6,125.5,0.0,141.1,295.4,39.0,86.5,0.0,0.0,0.0,137.5,3.5,0.2,0.0,0.0,12.0,16.7,0,0,0,0,45796,0,0,0,0,41,SEVIER,1,West Sevier County,2,Southwest Sevier County,330,Richfield,Richfield
41152,152,271.9,677.0,2.49,364.7,224.8,6.5,133.4,428.5,200.1,24.7,0.0,6.5,30.5,33.3,0.0,69.5,0.0,0.0,21.0,42.9,0,0,0,0,47239,0,0,0,0,41,SEVIER,1,West Sevier County,2,Southwest Sevier County,330,Richfield,Richfield
41153,153,167.8,373.9,2.23,214.8,84.6,5.3,124.8,253.8,70.2,14.4,0.0,5.3,0.0,31.3,22.5,71.0,0.0,0.0,12.5,26.5,0,0,0,0,36022,0,0,0,0,41,SEVIER,1,West Sevier County,2,Southwest Sevier County,330,Richfield,Richfield
41154,154,2.0,6.1,3.09,152.7,1.7,64.5,86.4,157.9,1.7,0.0,64.5,0.0,0.0,0.0,0.0,86.4,0.0,0.0,4.9,0.3,0,0,0,0,53156,0,0,0,0,41,SEVIER,1,West Sevier County,2,Southwest Sevier County,330,Richfield,Richfield
41155,155,43.2,153.6,3.56,94.4,94.4,0.0,0.0,105.7,10.0,84.4,0.0,0.0,0.0,0.0,0.0,0.0,0.0,0.0,4.5,6.8,0,0,0,0,45796,0,0,0,0,41,SEVIER,1,West Sevier County,2,Southwest Sevier County,330,Richfield,Richfield
41156,156,185.5,523.4,2.82,27.8,0.0,20.8,7.0,64.2,0.0,0.0,0.0,20.8,0.0,0.0,1.7,5.2,0.0,0.0,7.1,29.3,0,0,0,0,45796,0,0,0,0,41,SEVIER,1,West Sevier County,2,Southwest Sevier County,330,Richfield,Richfield
41157,157,83.4,152.6,1.83,47.6,44.9,0.0,2.6,65.2,44.9,0.0,0.0,0.0,0.0,0.0,0.0,2.6,0.0,0.0,4.5,13.2,0,0,0,0,45796,0,0,0,0,41,SEVIER,1,West Sevier County,2,Southwest Sevier County,330,Richfield,Richfield
41158,158,0.0,0.0,0.00,225.4,137.5,0.0,87.9,232.5,100.9,36.6,0.0,0.0,0.0,19.5,0.0,68.4,0.0,0.0,7.1,0.0,0,0,0,0,53156,0,0,0,0,41,SEVIER,1,West Sevier County,2,Southwest Sevier County,330,Richfield,Richfield
41159,159,0.0,0.0,0.00,448.1,410.3,6.6,31.3,462.4,358.2,52.1,6.6,0.0,0.0,0.0,0.0,31.3,0.0,0.0,14.3,0.0,0,0,0,0,53156,0,0,0,0,41,SEVIER,1,West Sevier County,2,Southwest Sevier County,330,Richfield,Richfield
41160,160,41.2,164.7,4.00,250.9,202.0,0.0,48.9,266.8,114.6,87.4,0.0,0.0,0.0,0.0,0.0,48.9,0.0,0.0,9.4,6.5,0,0,0,0,53156,0,0,0,0,41,SEVIER,1,West Sevier County,2,Southwest Sevier County,330,Richfield,Richfield
41161,161,3.9,12.1,3.09,524.0,17.3,296.9,209.8,575.6,15.5,1.8,68.5,228.4,182.6,22.9,0.9,3.4,0.0,34.1,16.9,0.6,0,0,0,0,53156,0,0,0,0,41,SEVIER,1,West Sevier County,2,Southwest Sevier County,330,Richfield,Richfield
41162,162,3.9,18.2,4.63,0.0,0.0,0.0,0.0,8.3,0.0,0.0,0.0,0.0,0.0,0.0,0.0,0.0,7.7,0.0,0.0,0.6,0,0,0,0,53156,0,0,0,0,41,SEVIER,1,West Sevier County,2,Southwest Sevier County,330,Richfield,Richfield
41163,163,17.7,75.8,4.29,3.2,0.0,0.0,3.2,6.9,0.0,0.0,0.0,0.0,0.0,0.0,0.0,3.2,0.0,0.0,0.9,2.8,0,0,0,0,53156,0,0,0,0,41,SEVIER,1,West Sevier County,2,Southwest Sevier County,330,Richfield,Richfield
41164,164,2.0,3.0,1.54,0.0,0.0,0.0,0.0,4.2,0.0,0.0,0.0,0.0,0.0,0.0,0.0,0.0,3.9,0.0,0.0,0.3,0,0,0,0,54196,0,0,0,0,41,SEVIER,1,West Sevier County,2,Southwest Sevier County,327,Richfield Area,Balance of Sevier
41165,165,0.0,0.0,0.00,0.0,0.0,0.0,0.0,3.9,0.0,0.0,0.0,0.0,0.0,0.0,0.0,0.0,3.9,0.0,0.0,0.0,0,0,0,0,54196,0,0,0,0,41,SEVIER,1,West Sevier County,2,Southwest Sevier County,327,Richfield Area,Balance of Sevier
41166,166,2.0,3.0,1.54,0.0,0.0,0.0,0.0,4.2,0.0,0.0,0.0,0.0,0.0,0.0,0.0,0.0,3.9,0.0,0.0,0.3,0,0,0,0,54196,0,0,0,0,41,SEVIER,1,West Sevier County,2,Southwest Sevier County,327,Richfield Area,Balance of Sevier
41167,167,1.0,2.0,2.06,0.0,0.0,0.0,0.0,4.1,0.0,0.0,0.0,0.0,0.0,0.0,0.0,0.0,3.9,0.0,0.0,0.2,0,0,0,0,54196,0,0,0,0,41,SEVIER,1,West Sevier County,2,Southwest Sevier County,327,Richfield Area,Balance of Sevier
41168,168,1.0,2.0,2.06,0.0,0.0,0.0,0.0,0.2,0.0,0.0,0.0,0.0,0.0,0.0,0.0,0.0,0.0,0.0,0.0,0.2,0,0,0,0,53156,0,0,0,0,41,SEVIER,1,West Sevier County,2,Southwest Sevier County,327,Richfield Area,Balance of Sevier
41169,169,6.9,18.2,2.65,0.0,0.0,0.0,0.0,9.3,0.0,0.0,0.0,0.0,0.0,0.0,0.0,0.0,7.7,0.0,0.4,1.1,0,0,0,0,54196,0,0,0,0,41,SEVIER,1,West Sevier County,2,Southwest Sevier County,327,Richfield Area,Balance of Sevier
41170,170,2.0,6.1,3.09,0.0,0.0,0.0,0.0,4.2,0.0,0.0,0.0,0.0,0.0,0.0,0.0,0.0,3.9,0.0,0.0,0.3,0,0,0,0,54196,0,0,0,0,41,SEVIER,1,West Sevier County,2,Southwest Sevier County,327,Richfield Area,Balance of Sevier
41171,171,13.7,28.3,2.06,0.0,0.0,0.0,0.0,10.4,0.0,0.0,0.0,0.0,0.0,0.0,0.0,0.0,7.7,0.0,0.4,2.2,0,0,0,0,54196,0,0,0,0,41,SEVIER,1,West Sevier County,2,Southwest Sevier County,327,Richfield Area,Balance of Sevier
41172,172,7.9,26.3,3.35,0.0,0.0,0.0,0.0,9.4,0.0,0.0,0.0,0.0,0.0,0.0,0.0,0.0,7.7,0.0,0.4,1.2,0,0,0,0,53156,0,0,0,0,41,SEVIER,1,West Sevier County,2,Southwest Sevier County,327,Richfield Area,Balance of Sevier
41173,173,2.0,4.0,2.06,0.0,0.0,0.0,0.0,8.0,0.0,0.0,0.0,0.0,0.0,0.0,0.0,0.0,7.7,0.0,0.0,0.3,0,0,0,0,53156,0,0,0,0,41,SEVIER,1,West Sevier County,2,Southwest Sevier County,327,Richfield Area,Balance of Sevier
41174,174,5.9,17.2,2.92,0.0,0.0,0.0,0.0,8.6,0.0,0.0,0.0,0.0,0.0,0.0,0.0,0.0,7.7,0.0,0.0,0.9,0,0,0,0,54196,0,0,0,0,41,SEVIER,1,West Sevier County,2,Southwest Sevier County,327,Richfield Area,Balance of Sevier
41175,175,28.5,82.9,2.91,16.2,0.0,0.0,16.2,25.9,0.0,0.0,0.0,0.0,0.0,0.0,0.0,16.2,3.9,0.0,1.3,4.5,0,0,0,0,54196,0,0,0,0,41,SEVIER,1,West Sevier County,2,Southwest Sevier County,327,Richfield Area,Balance of Sevier
41176,176,11.8,27.3,2.32,9.0,0.0,9.0,0.0,19.5,0.0,0.0,0.0,9.0,0.0,0.0,0.0,0.0,7.7,0.0,0.9,1.9,0,0,0,0,53156,0,0,0,0,41,SEVIER,1,West Sevier County,2,Southwest Sevier County,327,Richfield Area,Balance of Sevier
41177,177,2.0,6.1,3.09,0.0,0.0,0.0,0.0,4.2,0.0,0.0,0.0,0.0,0.0,0.0,0.0,0.0,3.9,0.0,0.0,0.3,0,0,0,0,54196,0,0,0,0,41,SEVIER,1,West Sevier County,2,Southwest Sevier County,327,Richfield Area,Balance of Sevier
41178,178,4.9,17.2,3.50,0.0,0.0,0.0,0.0,8.5,0.0,0.0,0.0,0.0,0.0,0.0,0.0,0.0,7.7,0.0,0.0,0.8,0,0,0,0,54196,0,0,0,0,41,SEVIER,1,West Sevier County,2,Southwest Sevier County,327,Richfield Area,Balance of Sevier
41179,179,0.0,0.0,0.00,0.0,0.0,0.0,0.0,0.0,0.0,0.0,0.0,0.0,0.0,0.0,0.0,0.0,0.0,0.0,0.0,0.0,0,0,0,0,54196,0,0,0,0,41,SEVIER,1,West Sevier County,2,Southwest Sevier County,327,Richfield Area,Balance of Sevier
41180,180,11.8,23.2,1.97,10.0,1.9,8.1,0.0,16.6,1.9,0.0,0.0,8.1,0.0,0.0,0.0,0.0,3.9,0.0,0.9,1.9,0,0,0,0,53156,0,0,0,0,41,SEVIER,1,West Sevier County,2,Southwest Sevier County,327,Richfield Area,Balance of Sevier
41181,181,5.9,26.3,4.46,0.0,0.0,0.0,0.0,8.6,0.0,0.0,0.0,0.0,0.0,0.0,0.0,0.0,7.7,0.0,0.0,0.9,0,0,0,0,54196,0,0,0,0,41,SEVIER,1,West Sevier County,2,Southwest Sevier County,327,Richfield Area,Balance of Sevier
41182,182,5.9,13.1,2.23,0.0,0.0,0.0,0.0,0.9,0.0,0.0,0.0,0.0,0.0,0.0,0.0,0.0,0.0,0.0,0.0,0.9,0,0,0,0,54196,0,0,0,0,41,SEVIER,1,West Sevier County,2,Southwest Sevier County,327,Richfield Area,Balance of Sevier
41183,183,15.7,49.5,3.15,3.9,0.0,3.9,0.0,10.7,0.0,0.0,0.0,3.9,0.0,0.0,0.0,0.0,3.9,0.0,0.4,2.5,0,0,0,0,53156,0,0,0,0,41,SEVIER,1,West Sevier County,2,Southwest Sevier County,327,Richfield Area,Balance of Sevier
41184,184,4.9,8.1,1.65,1.0,0.0,0.0,1.0,1.8,0.0,0.0,0.0,0.0,0.0,0.0,1.0,0.0,0.0,0.0,0.0,0.8,0,0,0,0,76673,0,0,0,0,41,SEVIER,1,West Sevier County,2,Southwest Sevier County,327,Richfield Area,Balance of Sevier
41185,185,8.8,26.3,2.97,0.0,0.0,0.0,0.0,1.8,0.0,0.0,0.0,0.0,0.0,0.0,0.0,0.0,0.0,0.0,0.4,1.4,0,0,0,0,76673,0,0,0,0,41,SEVIER,1,West Sevier County,2,Southwest Sevier County,327,Richfield Area,Balance of Sevier
41186,186,0.0,0.0,0.00,0.0,0.0,0.0,0.0,0.0,0.0,0.0,0.0,0.0,0.0,0.0,0.0,0.0,0.0,0.0,0.0,0.0,0,0,0,0,76673,0,0,0,0,41,SEVIER,1,West Sevier County,2,Southwest Sevier County,327,Richfield Area,Balance of Sevier
41187,187,0.0,0.0,0.00,0.0,0.0,0.0,0.0,0.0,0.0,0.0,0.0,0.0,0.0,0.0,0.0,0.0,0.0,0.0,0.0,0.0,0,0,0,0,76673,0,0,0,0,41,SEVIER,1,West Sevier County,2,Southwest Sevier County,327,Richfield Area,Balance of Sevier
41188,188,111.9,221.3,1.98,11.4,11.4,0.0,0.0,33.1,0.0,11.4,0.0,0.0,0.0,0.0,0.0,0.0,0.0,0.0,4.0,17.6,0,0,0,0,53156,0,0,0,0,41,SEVIER,1,West Sevier County,2,Southwest Sevier County,327,Richfield Area,Balance of Sevier
41189,189,2.0,6.1,3.09,11.0,0.0,0.0,11.0,15.6,0.0,0.0,0.0,0.0,11.0,0.0,0.0,0.0,3.9,0.0,0.4,0.3,0,0,0,0,53156,0,0,0,0,41,SEVIER,1,West Sevier County,2,Southwest Sevier County,327,Richfield Area,Balance of Sevier
41190,190,1.0,3.0,3.09,1.6,0.0,0.0,1.6,1.8,0.0,0.0,0.0,0.0,1.6,0.0,0.0,0.0,0.0,0.0,0.0,0.2,0,0,0,0,53156,0,0,0,0,41,SEVIER,1,West Sevier County,2,Southwest Sevier County,327,Richfield Area,Balance of Sevier
41191,191,0.0,0.0,0.00,0.0,0.0,0.0,0.0,3.9,0.0,0.0,0.0,0.0,0.0,0.0,0.0,0.0,3.9,0.0,0.0,0.0,0,0,0,0,53156,0,0,0,0,41,SEVIER,1,West Sevier County,2,Southwest Sevier County,327,Richfield Area,Balance of Sevier
41192,192,2.9,9.1,3.09,0.0,0.0,0.0,0.0,4.4,0.0,0.0,0.0,0.0,0.0,0.0,0.0,0.0,3.9,0.0,0.0,0.5,0,0,0,0,53156,0,0,0,0,41,SEVIER,1,West Sevier County,2,Southwest Sevier County,327,Richfield Area,Balance of Sevier
41193,193,0.0,0.0,0.00,0.0,0.0,0.0,0.0,3.9,0.0,0.0,0.0,0.0,0.0,0.0,0.0,0.0,3.9,0.0,0.0,0.0,0,0,0,0,53156,0,0,0,0,41,SEVIER,1,West Sevier County,2,Southwest Sevier County,327,Richfield Area,Balance of Sevier
41194,194,0.0,0.0,0.00,0.0,0.0,0.0,0.0,3.9,0.0,0.0,0.0,0.0,0.0,0.0,0.0,0.0,3.9,0.0,0.0,0.0,0,0,0,0,53156,0,0,0,0,41,SEVIER,1,West Sevier County,2,Southwest Sevier County,327,Richfield Area,Balance of Sevier
41195,195,0.0,0.0,0.00,0.0,0.0,0.0,0.0,0.0,0.0,0.0,0.0,0.0,0.0,0.0,0.0,0.0,0.0,0.0,0.0,0.0,0,0,0,0,76673,0,0,0,0,41,SEVIER,1,West Sevier County,2,Southwest Sevier County,327,Richfield Area,Balance of Sevier
41196,196,2.0,6.1,3.09,0.0,0.0,0.0,0.0,0.3,0.0,0.0,0.0,0.0,0.0,0.0,0.0,0.0,0.0,0.0,0.0,0.3,0,0,0,0,76673,0,0,0,0,41,SEVIER,1,West Sevier County,2,Southwest Sevier County,327,Richfield Area,Balance of Sevier
41197,197,2.0,3.0,1.54,100.5,0.0,0.0,100.5,104.0,0.0,0.0,0.0,0.0,100.5,0.0,0.0,0.0,0.0,0.0,3.1,0.3,0,0,0,0,53156,0,0,0,0,41,SEVIER,1,West Sevier County,2,Southwest Sevier County,327,Richfield Area,Balance of Sevier
41198,198,0.0,0.0,0.00,0.0,0.0,0.0,0.0,0.0,0.0,0.0,0.0,0.0,0.0,0.0,0.0,0.0,0.0,0.0,0.0,0.0,0,0,0,0,53156,0,0,0,0,41,SEVIER,1,West Sevier County,2,Southwest Sevier County,327,Richfield Area,Balance of Sevier
41199,199,0.0,0.0,0.00,0.0,0.0,0.0,0.0,3.9,0.0,0.0,0.0,0.0,0.0,0.0,0.0,0.0,3.9,0.0,0.0,0.0,0,0,0,0,53156,0,0,0,0,41,SEVIER,1,West Sevier County,2,Southwest Sevier County,327,Richfield Area,Balance of Sevier
41200,200,6.9,19.2,2.79,0.0,0.0,0.0,0.0,5.4,0.0,0.0,0.0,0.0,0.0,0.0,0.0,0.0,3.9,0.0,0.4,1.1,0,0,0,0,53156,0,0,0,0,41,SEVIER,1,West Sevier County,2,Southwest Sevier County,327,Richfield Area,Balance of Sevier
41201,201,0.0,0.0,0.00,0.0,0.0,0.0,0.0,3.9,0.0,0.0,0.0,0.0,0.0,0.0,0.0,0.0,3.9,0.0,0.0,0.0,0,0,0,0,53156,0,0,0,0,41,SEVIER,1,West Sevier County,2,Southwest Sevier County,327,Richfield Area,Balance of Sevier
41202,202,2.9,9.1,3.09,0.0,0.0,0.0,0.0,8.2,0.0,0.0,0.0,0.0,0.0,0.0,0.0,0.0,7.7,0.0,0.0,0.5,0,0,0,0,53156,0,0,0,0,41,SEVIER,1,West Sevier County,2,Southwest Sevier County,327,Richfield Area,Balance of Sevier
41203,203,2.0,4.0,2.06,0.0,0.0,0.0,0.0,0.3,0.0,0.0,0.0,0.0,0.0,0.0,0.0,0.0,0.0,0.0,0.0,0.3,0,0,0,0,53156,0,0,0,0,41,SEVIER,1,West Sevier County,2,Southwest Sevier County,327,Richfield Area,Balance of Sevier
41204,204,0.0,0.0,0.00,0.0,0.0,0.0,0.0,0.0,0.0,0.0,0.0,0.0,0.0,0.0,0.0,0.0,0.0,0.0,0.0,0.0,0,0,0,0,53156,0,0,0,0,41,SEVIER,1,West Sevier County,2,Southwest Sevier County,327,Richfield Area,Balance of Sevier
41205,205,0.0,0.0,0.00,0.0,0.0,0.0,0.0,0.0,0.0,0.0,0.0,0.0,0.0,0.0,0.0,0.0,0.0,0.0,0.0,0.0,0,0,0,0,53156,0,0,0,0,41,SEVIER,1,West Sevier County,2,Southwest Sevier County,327,Richfield Area,Balance of Sevier
41206,206,0.0,0.0,0.00,0.0,0.0,0.0,0.0,0.0,0.0,0.0,0.0,0.0,0.0,0.0,0.0,0.0,0.0,0.0,0.0,0.0,0,0,0,0,53156,0,0,0,0,41,SEVIER,1,West Sevier County,2,Southwest Sevier County,327,Richfield Area,Balance of Sevier
41207,207,0.0,0.0,0.00,0.0,0.0,0.0,0.0,0.0,0.0,0.0,0.0,0.0,0.0,0.0,0.0,0.0,0.0,0.0,0.0,0.0,0,0,0,0,65901,0,0,0,0,41,SEVIER,1,West Sevier County,2,Southwest Sevier County,327,Richfield Area,Balance of Sevier
41208,208,6.9,17.2,2.50,0.0,0.0,0.0,0.0,9.3,0.0,0.0,0.0,0.0,0.0,0.0,0.0,0.0,7.7,0.0,0.4,1.1,0,0,0,0,53156,0,0,0,0,41,SEVIER,1,West Sevier County,2,Southwest Sevier County,327,Richfield Area,Balance of Sevier
41209,209,4.9,11.1,2.27,0.0,0.0,0.0,0.0,8.5,0.0,0.0,0.0,0.0,0.0,0.0,0.0,0.0,7.7,0.0,0.0,0.8,0,0,0,0,53156,0,0,0,0,41,SEVIER,1,West Sevier County,2,Southwest Sevier County,327,Richfield Area,Balance of Sevier
41210,210,8.8,27.3,3.09,0.0,0.0,0.0,0.0,1.8,0.0,0.0,0.0,0.0,0.0,0.0,0.0,0.0,0.0,0.0,0.4,1.4,0,0,0,0,53156,0,0,0,0,41,SEVIER,1,West Sevier County,2,Southwest Sevier County,334,Central Valley,Central Valley
41211,211,10.8,26.3,2.43,0.0,0.0,0.0,0.0,2.1,0.0,0.0,0.0,0.0,0.0,0.0,0.0,0.0,0.0,0.0,0.4,1.7,0,0,0,0,53156,0,0,0,0,41,SEVIER,1,West Sevier County,2,Southwest Sevier County,334,Central Valley,Central Valley
41212,212,46.1,132.4,2.87,8.8,0.0,0.0,8.8,17.9,0.0,0.0,0.0,0.0,1.5,7.3,0.0,0.0,0.0,0.0,1.8,7.3,0,0,0,0,53156,0,0,0,0,41,SEVIER,1,West Sevier County,2,Southwest Sevier County,334,Central Valley,Central Valley
41213,213,40.2,120.2,2.99,0.0,0.0,0.0,0.0,7.6,0.0,0.0,0.0,0.0,0.0,0.0,0.0,0.0,0.0,0.0,1.3,6.3,0,0,0,0,53156,0,0,0,0,41,SEVIER,1,West Sevier County,2,Southwest Sevier County,334,Central Valley,Central Valley
41214,214,38.3,108.1,2.82,0.0,0.0,0.0,0.0,7.3,0.0,0.0,0.0,0.0,0.0,0.0,0.0,0.0,0.0,0.0,1.3,6.0,0,0,0,0,53156,0,0,0,0,41,SEVIER,1,West Sevier County,2,Southwest Sevier County,334,Central Valley,Central Valley
41215,215,24.5,62.6,2.55,0.0,0.0,0.0,0.0,4.8,0.0,0.0,0.0,0.0,0.0,0.0,0.0,0.0,0.0,0.0,0.9,3.9,0,0,0,0,53156,0,0,0,0,41,SEVIER,1,West Sevier County,2,Southwest Sevier County,334,Central Valley,Central Valley
41216,216,30.4,96.0,3.16,6.4,0.0,6.4,0.0,12.6,0.0,0.0,0.0,6.4,0.0,0.0,0.0,0.0,0.0,0.0,1.3,4.8,0,0,0,0,53156,0,0,0,0,41,SEVIER,1,West Sevier County,2,Southwest Sevier County,334,Central Valley,Central Valley
41217,217,2.0,5.1,2.57,0.0,0.0,0.0,0.0,0.3,0.0,0.0,0.0,0.0,0.0,0.0,0.0,0.0,0.0,0.0,0.0,0.3,0,0,0,0,76673,0,0,0,0,41,SEVIER,1,West Sevier County,2,Southwest Sevier County,334,Central Valley,Central Valley
41218,218,7.9,35.4,4.50,0.0,0.0,0.0,0.0,1.6,0.0,0.0,0.0,0.0,0.0,0.0,0.0,0.0,0.0,0.0,0.4,1.2,0,0,0,0,54652,0,0,0,0,41,SEVIER,1,West Sevier County,2,Southwest Sevier County,334,Central Valley,Central Valley
41219,219,2.9,12.1,4.12,0.0,0.0,0.0,0.0,0.5,0.0,0.0,0.0,0.0,0.0,0.0,0.0,0.0,0.0,0.0,0.0,0.5,0,0,0,0,53156,0,0,0,0,41,SEVIER,1,West Sevier County,2,Southwest Sevier County,335,Central Valley Area,Balance of Sevier
41220,220,0.0,0.0,0.00,0.0,0.0,0.0,0.0,0.0,0.0,0.0,0.0,0.0,0.0,0.0,0.0,0.0,0.0,0.0,0.0,0.0,0,0,0,0,53156,0,0,0,0,41,SEVIER,1,West Sevier County,2,Southwest Sevier County,335,Central Valley Area,Balance of Sevier
41221,221,5.9,22.2,3.78,0.0,0.0,0.0,0.0,8.6,0.0,0.0,0.0,0.0,0.0,0.0,0.0,0.0,7.7,0.0,0.0,0.9,0,0,0,0,60478,0,0,0,0,41,SEVIER,1,West Sevier County,2,Southwest Sevier County,335,Central Valley Area,Balance of Sevier
41222,222,2.0,9.1,4.63,0.0,0.0,0.0,0.0,8.0,0.0,0.0,0.0,0.0,0.0,0.0,0.0,0.0,7.7,0.0,0.0,0.3,0,0,0,0,53156,0,0,0,0,41,SEVIER,1,West Sevier County,2,Southwest Sevier County,335,Central Valley Area,Balance of Sevier
41223,223,22.6,63.7,2.82,0.0,0.0,0.0,0.0,8.4,0.0,0.0,0.0,0.0,0.0,0.0,0.0,0.0,3.9,0.0,0.9,3.6,0,0,0,0,54652,0,0,0,0,41,SEVIER,1,West Sevier County,2,Southwest Sevier County,335,Central Valley Area,Balance of Sevier
41224,224,31.4,95.0,3.02,1.3,0.0,1.3,0.0,7.2,0.0,0.0,0.0,1.3,0.0,0.0,0.0,0.0,0.0,0.0,0.9,5.0,0,0,0,0,76673,0,0,0,0,41,SEVIER,1,West Sevier County,2,Southwest Sevier County,336,Annabella,Annabella
41225,225,25.5,92.0,3.60,0.0,0.0,0.0,0.0,4.9,0.0,0.0,0.0,0.0,0.0,0.0,0.0,0.0,0.0,0.0,0.9,4.0,0,0,0,0,76673,0,0,0,0,41,SEVIER,1,West Sevier County,2,Southwest Sevier County,336,Annabella,Annabella
41226,226,10.8,30.3,2.81,0.0,0.0,0.0,0.0,2.1,0.0,0.0,0.0,0.0,0.0,0.0,0.0,0.0,0.0,0.0,0.4,1.7,0,0,0,0,76673,0,0,0,0,41,SEVIER,1,West Sevier County,2,Southwest Sevier County,336,Annabella,Annabella
41227,227,49.1,134.4,2.74,0.0,0.0,0.0,0.0,9.5,0.0,0.0,0.0,0.0,0.0,0.0,0.0,0.0,0.0,0.0,1.8,7.7,0,0,0,0,76673,0,0,0,0,41,SEVIER,1,West Sevier County,2,Southwest Sevier County,336,Annabella,Annabella
41228,228,156.1,481.0,3.08,26.2,0.0,8.6,17.6,57.0,0.0,0.0,0.0,8.6,0.0,7.7,9.9,0.0,0.0,0.0,6.2,24.6,0,0,0,0,76673,0,0,0,0,41,SEVIER,1,West Sevier County,2,Southwest Sevier County,336,Annabella,Annabella
41229,229,5.9,6.1,1.03,0.0,0.0,0.0,0.0,4.8,0.0,0.0,0.0,0.0,0.0,0.0,0.0,0.0,3.9,0.0,0.0,0.9,0,0,0,0,76673,0,0,0,0,41,SEVIER,1,West Sevier County,2,Southwest Sevier County,332,Annabella Area,Balance of Sevier
41230,230,1.0,4.0,4.12,0.0,0.0,0.0,0.0,0.2,0.0,0.0,0.0,0.0,0.0,0.0,0.0,0.0,0.0,0.0,0.0,0.2,0,0,0,0,76673,0,0,0,0,41,SEVIER,1,West Sevier County,2,Southwest Sevier County,332,Annabella Area,Balance of Sevier
41231,231,13.7,42.4,3.09,0.0,0.0,0.0,0.0,6.5,0.0,0.0,0.0,0.0,0.0,0.0,0.0,0.0,3.9,0.0,0.4,2.2,0,0,0,0,76673,0,0,0,0,41,SEVIER,1,West Sevier County,2,Southwest Sevier County,332,Annabella Area,Balance of Sevier
41232,232,2.9,12.1,4.12,0.0,0.0,0.0,0.0,4.4,0.0,0.0,0.0,0.0,0.0,0.0,0.0,0.0,3.9,0.0,0.0,0.5,0,0,0,0,76673,0,0,0,0,41,SEVIER,1,West Sevier County,2,Southwest Sevier County,332,Annabella Area,Balance of Sevier
41233,233,184.5,481.0,2.61,29.5,0.0,13.7,15.7,65.7,0.0,0.0,12.6,1.1,0.0,15.7,0.0,0.0,0.0,0.0,7.1,29.1,0,0,0,0,65901,0,0,0,0,41,SEVIER,1,West Sevier County,2,Southwest Sevier County,338,Elsinore,Elsinore
41234,234,43.2,118.2,2.74,60.9,51.9,2.6,6.3,71.3,25.3,26.6,0.0,2.6,0.0,0.0,0.0,6.3,0.0,0.0,3.6,6.8,0,0,0,0,65901,0,0,0,0,41,SEVIER,1,West Sevier County,2,Southwest Sevier County,338,Elsinore,Elsinore
41235,235,53.0,179.9,3.39,2.0,0.0,0.0,2.0,12.2,0.0,0.0,0.0,0.0,0.0,0.0,2.0,0.0,0.0,0.0,1.8,8.4,0,0,0,0,65901,0,0,0,0,41,SEVIER,1,West Sevier County,2,Southwest Sevier County,338,Elsinore,Elsinore
41236,236,5.9,18.2,3.09,0.0,0.0,0.0,0.0,4.8,0.0,0.0,0.0,0.0,0.0,0.0,0.0,0.0,3.9,0.0,0.0,0.9,0,0,0,0,65901,0,0,0,0,41,SEVIER,1,West Sevier County,2,Southwest Sevier County,337,Elsinore Area,Balance of Sevier
41237,237,11.8,39.4,3.35,0.0,0.0,0.0,0.0,10.1,0.0,0.0,0.0,0.0,0.0,0.0,0.0,0.0,7.7,0.0,0.4,1.9,0,0,0,0,65901,0,0,0,0,41,SEVIER,1,West Sevier County,2,Southwest Sevier County,337,Elsinore Area,Balance of Sevier
41238,238,2.9,16.2,5.49,78.6,0.0,0.0,78.6,89.5,0.0,0.0,0.0,0.0,0.0,11.9,66.7,0.0,7.7,0.0,2.7,0.5,0,0,0,0,65901,0,0,0,0,41,SEVIER,1,West Sevier County,2,Southwest Sevier County,337,Elsinore Area,Balance of Sevier
41239,239,114.8,305.2,2.66,1.0,0.0,0.0,1.0,30.8,0.0,0.0,0.0,0.0,0.0,0.0,1.0,0.0,7.7,0.0,4.0,18.1,0,0,0,0,62686,0,0,0,0,41,SEVIER,1,West Sevier County,2,Southwest Sevier County,337,Elsinore Area,Balance of Sevier
41240,240,21.6,62.6,2.90,0.0,0.0,0.0,0.0,8.2,0.0,0.0,0.0,0.0,0.0,0.0,0.0,0.0,3.9,0.0,0.9,3.4,0,0,0,0,62686,0,0,0,0,41,SEVIER,1,West Sevier County,2,Southwest Sevier County,337,Elsinore Area,Balance of Sevier
41241,241,14.7,56.6,3.84,44.2,0.0,44.2,0.0,52.1,0.0,0.0,44.2,0.0,0.0,0.0,0.0,0.0,3.9,0.0,1.8,2.3,0,0,0,0,60070,0,0,0,0,41,SEVIER,1,West Sevier County,2,Southwest Sevier County,337,Elsinore Area,Balance of Sevier
41242,242,18.6,62.6,3.36,0.0,0.0,0.0,0.0,3.3,0.0,0.0,0.0,0.0,0.0,0.0,0.0,0.0,0.0,0.0,0.4,2.9,0,0,0,0,47461,0,0,0,0,41,SEVIER,1,West Sevier County,2,Southwest Sevier County,343,Joseph,Joseph
41243,243,12.8,48.5,3.80,8.0,8.0,0.0,0.0,10.8,8.0,0.0,0.0,0.0,0.0,0.0,0.0,0.0,0.0,0.0,0.9,2.0,0,0,0,0,47461,0,0,0,0,41,SEVIER,1,West Sevier County,2,Southwest Sevier County,343,Joseph,Joseph
41244,244,50.1,108.1,2.16,10.5,0.0,6.1,4.3,20.6,0.0,0.0,6.1,0.0,0.0,4.3,0.0,0.0,0.0,0.0,2.2,7.9,0,0,0,0,47461,0,0,0,0,41,SEVIER,1,West Sevier County,2,Southwest Sevier County,343,Joseph,Joseph
41245,245,28.5,71.7,2.52,3.1,1.1,0.0,2.1,8.5,1.1,0.0,0.0,0.0,0.0,0.0,2.1,0.0,0.0,0.0,0.9,4.5,0,0,0,0,47461,0,0,0,0,41,SEVIER,1,West Sevier County,2,Southwest Sevier County,343,Joseph,Joseph
41246,246,0.0,0.0,0.00,0.0,0.0,0.0,0.0,0.0,0.0,0.0,0.0,0.0,0.0,0.0,0.0,0.0,0.0,0.0,0.0,0.0,0,0,0,0,47461,0,0,0,0,41,SEVIER,1,West Sevier County,2,Southwest Sevier County,341,Joseph Area,Balance of Sevier
41247,247,0.0,0.0,0.00,0.0,0.0,0.0,0.0,3.9,0.0,0.0,0.0,0.0,0.0,0.0,0.0,0.0,3.9,0.0,0.0,0.0,0,0,0,0,47461,0,0,0,0,41,SEVIER,1,West Sevier County,2,Southwest Sevier County,341,Joseph Area,Balance of Sevier
41248,248,3.9,12.1,3.09,0.0,0.0,0.0,0.0,0.6,0.0,0.0,0.0,0.0,0.0,0.0,0.0,0.0,0.0,0.0,0.0,0.6,0,0,0,0,47461,0,0,0,0,41,SEVIER,1,West Sevier County,2,Southwest Sevier County,341,Joseph Area,Balance of Sevier
41249,249,0.0,0.0,0.00,0.0,0.0,0.0,0.0,0.0,0.0,0.0,0.0,0.0,0.0,0.0,0.0,0.0,0.0,0.0,0.0,0.0,0,0,0,0,47461,0,0,0,0,41,SEVIER,1,West Sevier County,2,Southwest Sevier County,341,Joseph Area,Balance of Sevier
41250,250,0.0,0.0,0.00,0.0,0.0,0.0,0.0,3.9,0.0,0.0,0.0,0.0,0.0,0.0,0.0,0.0,3.9,0.0,0.0,0.0,0,0,0,0,47461,0,0,0,0,41,SEVIER,1,West Sevier County,2,Southwest Sevier County,341,Joseph Area,Balance of Sevier
41251,251,1.0,3.0,3.09,0.0,0.0,0.0,0.0,4.1,0.0,0.0,0.0,0.0,0.0,0.0,0.0,0.0,3.9,0.0,0.0,0.2,0,0,0,0,47461,0,0,0,0,41,SEVIER,1,West Sevier County,2,Southwest Sevier County,341,Joseph Area,Balance of Sevier
41252,252,0.0,0.0,0.00,0.0,0.0,0.0,0.0,3.9,0.0,0.0,0.0,0.0,0.0,0.0,0.0,0.0,3.9,0.0,0.0,0.0,0,0,0,0,47461,0,0,0,0,41,SEVIER,1,West Sevier County,2,Southwest Sevier County,341,Joseph Area,Balance of Sevier
41253,253,0.0,0.0,0.00,0.0,0.0,0.0,0.0,0.0,0.0,0.0,0.0,0.0,0.0,0.0,0.0,0.0,0.0,0.0,0.0,0.0,0,0,0,0,47461,0,0,0,0,41,SEVIER,1,West Sevier County,2,Southwest Sevier County,341,Joseph Area,Balance of Sevier
41254,254,0.0,0.0,0.00,0.0,0.0,0.0,0.0,0.0,0.0,0.0,0.0,0.0,0.0,0.0,0.0,0.0,0.0,0.0,0.0,0.0,0,0,0,0,47461,0,0,0,0,41,SEVIER,1,West Sevier County,2,Southwest Sevier County,341,Joseph Area,Balance of Sevier
41255,255,0.0,0.0,0.00,0.0,0.0,0.0,0.0,0.0,0.0,0.0,0.0,0.0,0.0,0.0,0.0,0.0,0.0,0.0,0.0,0.0,0,0,0,0,47461,0,0,0,0,41,SEVIER,1,West Sevier County,2,Southwest Sevier County,341,Joseph Area,Balance of Sevier
41256,256,0.0,0.0,0.00,0.0,0.0,0.0,0.0,3.9,0.0,0.0,0.0,0.0,0.0,0.0,0.0,0.0,3.9,0.0,0.0,0.0,0,0,0,0,47461,0,0,0,0,41,SEVIER,1,West Sevier County,2,Southwest Sevier County,341,Joseph Area,Balance of Sevier
41257,257,0.0,0.0,0.00,0.0,0.0,0.0,0.0,3.9,0.0,0.0,0.0,0.0,0.0,0.0,0.0,0.0,3.9,0.0,0.0,0.0,0,0,0,0,47461,0,0,0,0,41,SEVIER,1,West Sevier County,2,Southwest Sevier County,341,Joseph Area,Balance of Sevier
41258,258,5.9,18.2,3.09,0.0,0.0,0.0,0.0,4.8,0.0,0.0,0.0,0.0,0.0,0.0,0.0,0.0,3.9,0.0,0.0,0.9,0,0,0,0,47461,0,0,0,0,41,SEVIER,1,West Sevier County,2,Southwest Sevier County,341,Joseph Area,Balance of Sevier
41259,259,2.0,7.1,3.60,0.0,0.0,0.0,0.0,0.3,0.0,0.0,0.0,0.0,0.0,0.0,0.0,0.0,0.0,0.0,0.0,0.3,0,0,0,0,62686,0,0,0,0,41,SEVIER,1,West Sevier County,2,Southwest Sevier County,341,Joseph Area,Balance of Sevier
41260,260,0.0,0.0,0.00,0.0,0.0,0.0,0.0,0.0,0.0,0.0,0.0,0.0,0.0,0.0,0.0,0.0,0.0,0.0,0.0,0.0,0,0,0,0,47461,0,0,0,0,41,SEVIER,1,West Sevier County,2,Southwest Sevier County,341,Joseph Area,Balance of Sevier
41261,261,2.0,6.1,3.09,0.0,0.0,0.0,0.0,4.2,0.0,0.0,0.0,0.0,0.0,0.0,0.0,0.0,3.9,0.0,0.0,0.3,0,0,0,0,47461,0,0,0,0,41,SEVIER,1,West Sevier County,2,Southwest Sevier County,341,Joseph Area,Balance of Sevier
41262,262,0.0,0.0,0.00,0.0,0.0,0.0,0.0,0.0,0.0,0.0,0.0,0.0,0.0,0.0,0.0,0.0,0.0,0.0,0.0,0.0,0,0,0,0,47461,0,0,0,0,41,SEVIER,1,West Sevier County,2,Southwest Sevier County,341,Joseph Area,Balance of Sevier
41263,263,18.6,32.3,1.73,0.0,0.0,0.0,0.0,7.2,0.0,0.0,0.0,0.0,0.0,0.0,0.0,0.0,3.9,0.0,0.4,2.9,0,0,0,0,47461,0,0,0,0,41,SEVIER,1,West Sevier County,2,Southwest Sevier County,341,Joseph Area,Balance of Sevier
41264,264,9.8,34.4,3.50,0.0,0.0,0.0,0.0,5.8,0.0,0.0,0.0,0.0,0.0,0.0,0.0,0.0,3.9,0.0,0.4,1.5,0,0,0,0,47461,0,0,0,0,41,SEVIER,1,West Sevier County,2,Southwest Sevier County,341,Joseph Area,Balance of Sevier
41265,265,5.9,17.2,2.92,0.0,0.0,0.0,0.0,4.8,0.0,0.0,0.0,0.0,0.0,0.0,0.0,0.0,3.9,0.0,0.0,0.9,0,0,0,0,47461,0,0,0,0,41,SEVIER,1,West Sevier County,2,Southwest Sevier County,341,Joseph Area,Balance of Sevier
41266,266,197.3,593.1,3.01,160.1,37.9,28.2,94.0,211.0,37.9,0.0,6.2,22.0,2.6,42.9,25.0,23.5,7.7,0.0,12.0,31.1,0,0,0,0,62686,572,0,398,0,41,SEVIER,1,West Sevier County,2,Southwest Sevier County,342,Monroe,Monroe
41267,267,210.0,632.5,3.01,114.4,60.2,13.8,40.4,158.2,42.1,18.1,13.8,0.0,1.2,34.6,4.7,0.0,0.0,0.0,10.7,33.1,0,0,0,0,54652,0,306,0,0,41,SEVIER,1,West Sevier County,2,Southwest Sevier County,342,Monroe,Monroe
41268,268,129.6,450.7,3.48,0.0,0.0,0.0,0.0,24.9,0.0,0.0,0.0,0.0,0.0,0.0,0.0,0.0,0.0,0.0,4.5,20.4,0,0,0,0,62686,0,0,0,0,41,SEVIER,1,West Sevier County,2,Southwest Sevier County,342,Monroe,Monroe
41269,269,235.6,652.8,2.77,91.8,0.0,12.9,78.9,140.1,0.0,0.0,0.0,12.9,0.0,0.0,39.9,39.0,0.0,0.0,11.1,37.1,0,0,0,0,54652,0,0,0,0,41,SEVIER,1,West Sevier County,2,Southwest Sevier County,342,Monroe,Monroe
41270,270,53.0,142.5,2.69,18.1,0.0,18.1,0.0,28.8,0.0,0.0,18.1,0.0,0.0,0.0,0.0,0.0,0.0,0.0,2.2,8.4,0,0,0,0,47461,0,0,0,0,41,SEVIER,1,West Sevier County,2,Southwest Sevier County,342,Monroe,Monroe
41271,271,12.8,49.5,3.88,0.0,0.0,0.0,0.0,2.4,0.0,0.0,0.0,0.0,0.0,0.0,0.0,0.0,0.0,0.0,0.4,2.0,0,0,0,0,53054,0,0,0,0,41,SEVIER,1,West Sevier County,2,Southwest Sevier County,342,Monroe,Monroe
41272,272,31.4,81.8,2.61,0.0,0.0,0.0,0.0,13.6,0.0,0.0,0.0,0.0,0.0,0.0,0.0,0.0,7.7,0.0,0.9,5.0,0,0,0,0,62686,0,0,0,0,41,SEVIER,1,West Sevier County,2,Southwest Sevier County,339,Monroe Area,Balance of Sevier
41273,273,12.8,31.3,2.46,0.0,0.0,0.0,0.0,6.3,0.0,0.0,0.0,0.0,0.0,0.0,0.0,0.0,3.9,0.0,0.4,2.0,0,0,0,0,62686,0,0,0,0,41,SEVIER,1,West Sevier County,2,Southwest Sevier County,339,Monroe Area,Balance of Sevier
41274,274,21.6,66.7,3.09,5.1,0.0,5.1,0.0,13.3,0.0,0.0,0.0,5.1,0.0,0.0,0.0,0.0,3.9,0.0,0.9,3.4,0,0,0,0,62686,0,0,0,0,41,SEVIER,1,West Sevier County,2,Southwest Sevier County,339,Monroe Area,Balance of Sevier
41275,275,24.5,60.6,2.47,0.0,0.0,0.0,0.0,19.8,0.0,0.0,0.0,0.0,0.0,0.0,0.0,0.0,7.7,7.2,0.9,3.9,0,0,0,0,62686,0,0,0,0,41,SEVIER,1,West Sevier County,2,Southwest Sevier County,339,Monroe Area,Balance of Sevier
41276,276,20.6,56.6,2.75,0.0,0.0,0.0,0.0,11.9,0.0,0.0,0.0,0.0,0.0,0.0,0.0,0.0,7.7,0.0,0.9,3.3,0,0,0,0,54652,0,0,0,0,41,SEVIER,1,West Sevier County,2,Southwest Sevier County,339,Monroe Area,Balance of Sevier
41277,277,2.9,11.1,3.78,59.5,0.0,0.0,59.5,66.1,0.0,0.0,0.0,0.0,0.0,44.3,0.0,15.2,3.9,0.0,2.2,0.5,0,0,0,0,62686,0,0,0,0,41,SEVIER,1,West Sevier County,2,Southwest Sevier County,339,Monroe Area,Balance of Sevier
41278,278,11.8,29.3,2.49,3.9,0.0,3.9,0.0,13.9,0.0,0.0,0.0,3.9,0.0,0.0,0.0,0.0,7.7,0.0,0.4,1.9,0,0,0,0,62686,0,0,0,0,41,SEVIER,1,West Sevier County,2,Southwest Sevier County,339,Monroe Area,Balance of Sevier
41279,279,5.9,15.2,2.57,3.2,0.0,0.0,3.2,12.3,0.0,0.0,0.0,0.0,0.0,0.0,0.0,3.2,7.7,0.0,0.4,0.9,0,0,0,0,62686,0,0,0,0,41,SEVIER,1,West Sevier County,2,Southwest Sevier County,339,Monroe Area,Balance of Sevier
41280,280,2.0,6.1,3.09,0.0,0.0,0.0,0.0,8.0,0.0,0.0,0.0,0.0,0.0,0.0,0.0,0.0,7.7,0.0,0.0,0.3,0,0,0,0,47461,0,0,0,0,41,SEVIER,1,West Sevier County,2,Southwest Sevier County,339,Monroe Area,Balance of Sevier
41281,281,19.6,66.7,3.40,0.0,0.0,0.0,0.0,11.3,0.0,0.0,0.0,0.0,0.0,0.0,0.0,0.0,7.7,0.0,0.4,3.1,0,0,0,0,62686,0,0,0,0,41,SEVIER,1,West Sevier County,2,Southwest Sevier County,339,Monroe Area,Balance of Sevier
41282,282,6.9,18.2,2.65,0.0,0.0,0.0,0.0,5.4,0.0,0.0,0.0,0.0,0.0,0.0,0.0,0.0,3.9,0.0,0.4,1.1,0,0,0,0,47461,0,0,0,0,41,SEVIER,1,West Sevier County,2,Southwest Sevier County,339,Monroe Area,Balance of Sevier
41283,283,12.8,36.4,2.85,0.0,0.0,0.0,0.0,10.2,0.0,0.0,0.0,0.0,0.0,0.0,0.0,0.0,7.7,0.0,0.4,2.0,0,0,0,0,47461,0,0,0,0,41,SEVIER,1,West Sevier County,2,Southwest Sevier County,339,Monroe Area,Balance of Sevier
41284,284,7.9,16.2,2.06,0.0,0.0,0.0,0.0,9.4,0.0,0.0,0.0,0.0,0.0,0.0,0.0,0.0,7.7,0.0,0.4,1.2,0,0,0,0,47461,0,0,0,0,41,SEVIER,1,West Sevier County,2,Southwest Sevier County,339,Monroe Area,Balance of Sevier
41285,285,4.9,9.1,1.85,0.0,0.0,0.0,0.0,8.5,0.0,0.0,0.0,0.0,0.0,0.0,0.0,0.0,7.7,0.0,0.0,0.8,0,0,0,0,47461,0,0,0,0,41,SEVIER,1,West Sevier County,2,Southwest Sevier County,339,Monroe Area,Balance of Sevier
41286,286,0.0,0.0,0.00,0.0,0.0,0.0,0.0,6.9,0.0,0.0,0.0,0.0,0.0,0.0,0.0,0.0,0.0,6.9,0.0,0.0,0,0,0,0,54196,0,0,0,0,41,SEVIER,1,West Sevier County,2,Southwest Sevier County,310,Balance of Sevier,Balance of Sevier
41287,287,2.9,9.1,3.09,83.5,0.0,83.5,0.0,97.5,0.0,0.0,0.0,83.5,0.0,0.0,0.0,0.0,3.9,6.9,2.7,0.5,0,0,0,0,58029,0,0,0,0,41,SEVIER,1,West Sevier County,2,Southwest Sevier County,310,Balance of Sevier,Balance of Sevier
41288,288,22.6,67.7,3.00,0.0,0.0,0.0,0.0,4.5,0.0,0.0,0.0,0.0,0.0,0.0,0.0,0.0,0.0,0.0,0.9,3.6,0,0,0,0,47461,0,0,0,0,41,SEVIER,1,West Sevier County,2,Southwest Sevier County,310,Balance of Sevier,Balance of Sevier
41289,289,7.9,17.2,2.19,0.0,0.0,0.0,0.0,1.6,0.0,0.0,0.0,0.0,0.0,0.0,0.0,0.0,0.0,0.0,0.4,1.2,0,0,0,0,47461,0,0,0,0,41,SEVIER,1,West Sevier County,2,Southwest Sevier County,310,Balance of Sevier,Balance of Sevier
41290,290,38.3,109.1,2.85,17.6,0.0,0.0,17.6,25.4,0.0,0.0,0.0,0.0,4.8,0.0,0.0,12.8,0.0,0.0,1.8,6.0,0,0,0,0,54652,0,0,0,0,41,SEVIER,1,West Sevier County,2,Southwest Sevier County,310,Balance of Sevier,Balance of Sevier
41291,291,31.4,98.0,3.12,9.0,0.0,9.0,0.0,15.3,0.0,0.0,0.0,9.0,0.0,0.0,0.0,0.0,0.0,0.0,1.3,5.0,0,0,0,0,47461,0,0,0,0,41,SEVIER,1,West Sevier County,2,Southwest Sevier County,310,Balance of Sevier,Balance of Sevier
41292,292,5.9,17.2,2.92,0.0,0.0,0.0,0.0,0.9,0.0,0.0,0.0,0.0,0.0,0.0,0.0,0.0,0.0,0.0,0.0,0.9,0,0,0,0,54196,0,0,0,0,41,SEVIER,2,East Sevier County,3,East Sevier County,348,Koosharem,Koosharem
41293,293,2.0,8.1,4.12,0.0,0.0,0.0,0.0,0.3,0.0,0.0,0.0,0.0,0.0,0.0,0.0,0.0,0.0,0.0,0.0,0.3,0,0,0,0,54196,0,0,0,0,41,SEVIER,2,East Sevier County,3,East Sevier County,348,Koosharem,Koosharem
41294,294,59.9,125.3,2.09,89.3,0.0,0.0,89.3,103.6,0.0,0.0,0.0,0.0,0.0,3.6,85.7,0.0,0.0,0.0,4.9,9.4,0,0,0,0,54196,41,0,0,0,41,SEVIER,2,East Sevier County,3,East Sevier County,348,Koosharem,Koosharem
41295,295,33.4,86.9,2.60,8.2,4.5,0.0,3.6,14.8,4.5,0.0,0.0,0.0,0.0,3.6,0.0,0.0,0.0,0.0,1.3,5.3,0,0,0,0,54196,0,0,0,0,41,SEVIER,2,East Sevier County,3,East Sevier County,348,Koosharem,Koosharem
41296,296,4.9,23.2,4.74,0.0,0.0,0.0,0.0,0.8,0.0,0.0,0.0,0.0,0.0,0.0,0.0,0.0,0.0,0.0,0.0,0.8,0,0,0,0,54196,0,0,0,0,41,SEVIER,2,East Sevier County,3,East Sevier County,347,Koosharem Area - Sevier,Balance of Sevier
41297,297,2.9,8.1,2.75,0.0,0.0,0.0,0.0,0.5,0.0,0.0,0.0,0.0,0.0,0.0,0.0,0.0,0.0,0.0,0.0,0.5,0,0,0,0,54196,0,0,0,0,41,SEVIER,2,East Sevier County,3,East Sevier County,347,Koosharem Area - Sevier,Balance of Sevier
41298,298,0.0,0.0,0.00,0.0,0.0,0.0,0.0,0.0,0.0,0.0,0.0,0.0,0.0,0.0,0.0,0.0,0.0,0.0,0.0,0.0,0,0,0,0,54196,0,0,0,0,41,SEVIER,2,East Sevier County,3,East Sevier County,347,Koosharem Area - Sevier,Balance of Sevier
41299,299,0.0,0.0,0.00,0.0,0.0,0.0,0.0,0.0,0.0,0.0,0.0,0.0,0.0,0.0,0.0,0.0,0.0,0.0,0.0,0.0,0,0,0,0,54196,0,0,0,0,41,SEVIER,2,East Sevier County,3,East Sevier County,347,Koosharem Area - Sevier,Balance of Sevier
41300,300,0.0,0.0,0.00,0.0,0.0,0.0,0.0,0.0,0.0,0.0,0.0,0.0,0.0,0.0,0.0,0.0,0.0,0.0,0.0,0.0,0,0,0,0,54196,0,0,0,0,41,SEVIER,2,East Sevier County,3,East Sevier County,347,Koosharem Area - Sevier,Balance of Sevier
41301,301,0.0,0.0,0.00,0.0,0.0,0.0,0.0,0.0,0.0,0.0,0.0,0.0,0.0,0.0,0.0,0.0,0.0,0.0,0.0,0.0,0,0,0,0,54196,0,0,0,0,41,SEVIER,2,East Sevier County,3,East Sevier County,347,Koosharem Area - Sevier,Balance of Sevier
41302,302,6.9,37.4,5.44,9.1,0.0,9.1,0.0,10.6,0.0,0.0,9.1,0.0,0.0,0.0,0.0,0.0,0.0,0.0,0.4,1.1,0,0,0,0,54881,0,0,0,0,41,SEVIER,2,East Sevier County,3,East Sevier County,310,Balance of Sevier,Balance of Sevier
41303,303,2.9,9.1,3.09,0.0,0.0,0.0,0.0,0.5,0.0,0.0,0.0,0.0,0.0,0.0,0.0,0.0,0.0,0.0,0.0,0.5,0,0,0,0,55931,0,0,0,0,41,SEVIER,2,East Sevier County,3,East Sevier County,310,Balance of Sevier,Balance of Sevier
41304,304,26.5,31.3,1.18,0.0,0.0,0.0,0.0,5.1,0.0,0.0,0.0,0.0,0.0,0.0,0.0,0.0,0.0,0.0,0.9,4.2,0,0,0,0,55931,0,0,0,0,41,SEVIER,2,East Sevier County,3,East Sevier County,310,Balance of Sevier,Balance of Sevier
41305,305,26.5,36.4,1.37,0.0,0.0,0.0,0.0,5.1,0.0,0.0,0.0,0.0,0.0,0.0,0.0,0.0,0.0,0.0,0.9,4.2,0,0,0,0,54196,0,0,0,0,41,SEVIER,2,East Sevier County,3,East Sevier County,310,Balance of Sevier,Balance of Sevier
41306,306,2.0,2.0,1.03,0.0,0.0,0.0,0.0,0.3,0.0,0.0,0.0,0.0,0.0,0.0,0.0,0.0,0.0,0.0,0.0,0.3,0,0,0,0,54196,0,0,0,0,41,SEVIER,2,East Sevier County,3,East Sevier County,310,Balance of Sevier,Balance of Sevier
41307,307,15.7,29.3,1.87,0.0,0.0,0.0,0.0,2.9,0.0,0.0,0.0,0.0,0.0,0.0,0.0,0.0,0.0,0.0,0.4,2.5,0,0,0,0,76673,0,0,0,0,41,SEVIER,2,East Sevier County,3,East Sevier County,310,Balance of Sevier,Balance of Sevier
41308,308,4.9,25.3,5.15,0.0,0.0,0.0,0.0,0.8,0.0,0.0,0.0,0.0,0.0,0.0,0.0,0.0,0.0,0.0,0.0,0.8,0,0,0,0,54196,0,0,0,0,41,SEVIER,2,East Sevier County,3,East Sevier County,310,Balance of Sevier,Balance of Sevier
41309,309,0.0,0.0,0.00,0.0,0.0,0.0,0.0,0.0,0.0,0.0,0.0,0.0,0.0,0.0,0.0,0.0,0.0,0.0,0.0,0.0,0,0,0,0,54196,0,0,0,0,41,SEVIER,2,East Sevier County,3,East Sevier County,310,Balance of Sevier,Balance of Sevier
41310,310,1.0,2.0,2.06,0.0,0.0,0.0,0.0,0.2,0.0,0.0,0.0,0.0,0.0,0.0,0.0,0.0,0.0,0.0,0.0,0.2,0,0,0,0,54196,0,0,0,0,41,SEVIER,2,East Sevier County,3,East Sevier County,310,Balance of Sevier,Balance of Sevier
